   3.4128590e-01   1.1200129e+00   1.3979599e-01   2.3881331e-03
   5.9195411e-02   1.1160556e+00   1.7397660e+00   3.3983405e-03
   5.5748692e-02   1.0368788e+00   8.5620783e-01   3.8192156e-03
   2.0288470e-01   9.5460626e-01   1.9353147e+00   2.6686922e-03
   8.4137916e-02   9.7085530e-01   1.3051187e+00   1.3785316e-03
   1.6139720e-01   9.1005892e-01   7.6196716e-01   6.6732129e-04
   2.8435226e-01   1.1649632e+00   6.7443135e-01   1.6156702e-04
   5.8851597e-02   9.0323691e-01   1.7586838e+00   5.2389531e-04
   2.0198390e-02   9.3008680e-01   1.1839723e+00   7.6201788e-04
   1.4459092e-01   8.3946123e-01   3.3712146e-01   5.4450474e-04
   1.7285880e-01   7.0960838e-01   2.9729228e-02   3.1312002e-06
   3.2531230e-01   8.6264238e-01   1.9176517e+00   2.1566623e-03
   2.4686832e-01   8.8218412e-01   1.0630437e+00   1.4217683e-03
   3.3457205e-02   1.1246673e+00   1.7282044e+00   2.1910422e-04
   3.7862266e-02   9.9738559e-01   1.9466270e+00   3.3646453e-04
   1.0050078e-01   8.6125193e-01   3.0581661e-01   2.6837536e-03
   2.3166830e-01   1.0598916e+00   4.0280184e-01   2.8222995e-04
   1.1117587e-01   8.8324896e-01   3.1734635e-01   1.2130359e-03
   8.1526073e-02   1.0319551e+00   5.7256969e-01   7.1087281e-04
   8.1218586e-02   1.0187157e+00   4.0695203e-01   1.5863668e-03
   1.3586032e-01   7.7772803e-01   4.7885137e-01   2.0848961e-04
   2.0644669e-01   9.6580722e-01   5.8691788e-01   5.4899097e-06
   5.2900442e-03   1.1398214e+00   9.8337110e-01   2.0678337e-04
   7.3122333e-02   9.6299120e-01   1.3820094e+00   5.4699440e-04
   3.5357105e-02   8.9531517e-01   5.7576150e-01   1.0794269e-04
   7.6955237e-02   1.0445360e+00   6.9978600e-01   3.4834700e-04
   1.4342798e-02   8.0068144e-01   7.6644490e-01   4.3026783e-04
   5.8505757e-02   8.5003175e-01   1.2653752e+00   1.7127564e-03
   6.0088235e-02   7.0544321e-01   1.4208230e-01   9.3996995e-04
   1.4689682e-03   9.6651748e-01   1.4815205e+00   6.1880665e-04
   1.8905612e-01   1.1390321e+00   1.1008626e+00   4.0850122e-04
   8.4574964e-02   1.0194222e+00   1.4279997e+00   2.7456869e-04
   3.3547203e-01   1.0224581e+00   9.7233730e-01   1.2354957e-03
   1.1410514e-01   1.0517354e+00   1.9976199e+00   8.1116999e-06
   1.3558422e-01   1.1572902e+00   1.8536137e+00   1.8192939e-05
   4.8207058e-02   7.9632942e-01   1.0577028e+00   1.2358230e-04
   1.1818714e-01   8.8094092e-01   1.0558946e+00   1.2937762e-04
   4.3360327e-02   9.7688411e-01   1.5354504e+00   4.1383177e-04
   1.3763230e-01   8.7568894e-01   5.7001089e-01   3.9254510e-04
   2.4260030e-01   1.0485567e+00   1.8173835e+00   2.3402451e-03
   1.3543486e-02   9.5163064e-01   2.1502190e-01   4.8506839e-04
   7.0530454e-03   1.0118720e+00   1.1455931e+00   1.8125775e-03
   1.9640294e-02   1.0017866e+00   6.3884587e-01   8.3589689e-05
   7.1399268e-03   1.0331987e+00   1.3164355e+00   2.3077453e-04
   2.3917532e-03   8.6565853e-01   8.2675754e-01   5.8239970e-03
   1.4054814e-01   9.3066413e-01   9.2418082e-01   3.1063135e-04
   1.7509954e-02   7.3402141e-01   1.1002056e-01   6.2212523e-03
   5.3941686e-02   1.2340790e+00   1.1063250e+00   1.5708990e-04
   8.0166184e-02   1.0544718e+00   1.4097672e+00   9.3847225e-04
   1.3764834e-02   9.2143934e-01   1.1250479e+00   3.5522157e-03
   2.4325565e-02   9.1851920e-01   2.8027535e-01   1.3772274e-03
   2.3697401e-02   8.0188286e-01   1.8829893e+00   4.9470706e-04
   2.8000777e-01   1.0847602e+00   1.4765793e+00   1.9010065e-03
   5.1781964e-02   9.9966136e-01   6.7609752e-01   8.2536916e-04
   2.5875026e-01   9.2333116e-01   6.2922270e-01   2.4916597e-04
   2.0475020e-01   9.5621636e-01   3.6165499e-01   2.0070337e-04
   1.4714574e-01   9.7479069e-01   1.7090337e+00   8.1846047e-04
   6.6174302e-02   1.1873618e+00   1.8685382e-01   1.4259868e-04
   1.6425835e-01   9.0735911e-01   1.8114249e+00   1.5679827e-03
   2.2014865e-02   9.2693209e-01   1.1560738e+00   1.8695980e-03
   2.9264143e-01   1.0430002e+00   1.6047663e+00   2.0546099e-03
   1.1602867e-02   1.1043731e+00   1.5745868e+00   5.0173094e-04
   3.6580072e-02   1.1683588e+00   1.5429546e+00   1.0235851e-03
   1.9109451e-01   7.6241915e-01   1.9507424e+00   4.5798689e-04
   4.5592758e-02   1.0632425e+00   1.5655204e+00   3.1929746e-03
   7.1711728e-02   1.0678869e+00   1.0604565e+00   5.6625068e-04
   2.1274960e-01   8.3164242e-01   4.4574138e-01   2.3317254e-04
   1.0181591e-01   8.9440954e-01   5.0471868e-01   8.6173263e-04
   7.5021517e-03   1.0093805e+00   5.3400490e-01   1.9645180e-04
   1.9806117e-01   9.4345114e-01   1.9926879e+00   1.0592269e-03
   1.8529656e-01   9.9368278e-01   1.7791540e+00   2.4114543e-03
   6.0313801e-02   8.3105130e-01   1.6685601e+00   8.0051993e-04
   1.5194669e-01   9.3837755e-01   1.0741384e+00   2.5111204e-03
   2.9241867e-02   1.0258831e+00   4.4123749e-02   9.0101686e-04
   1.7139771e-01   1.0512296e+00   1.3758580e-01   7.9510846e-05
   2.1776310e-01   9.7311733e-01   7.1473267e-03   9.6041373e-04
   3.0348282e-02   1.0077513e+00   9.9297169e-01   2.9145416e-03
   6.7188285e-01   9.8386080e-01   3.7091026e-01   4.2714122e-04
   1.2741217e-02   7.1767760e-01   1.5208702e+00   7.4488367e-04
   2.6161364e-01   9.0555469e-01   1.8124696e-03   2.6717548e-04
   5.2176141e-01   9.2413910e-01   7.3452460e-01   1.0548231e-03
   2.7075071e-02   1.2011341e+00   1.6586259e+00   2.6364890e-04
   9.0320058e-02   9.0987119e-01   5.2040049e-01   5.5261105e-04
   7.9499246e-02   1.0840526e+00   4.8444035e-01   4.6335085e-04
   4.0841835e-01   1.0498901e+00   1.9109067e+00   1.8295080e-04
   2.8022021e-02   9.8247869e-01   1.4790444e+00   5.8065821e-04
   9.6002094e-02   9.3477213e-01   9.7123791e-01   1.7909548e-04
   3.8708627e-02   7.5605157e-01   6.9051122e-01   6.0609966e-04
   2.5931779e-01   1.0201901e+00   1.6259501e+00   6.1310052e-04
   4.1953360e-03   7.8533631e-01   1.0014768e+00   7.7158246e-05
   1.6638713e-01   8.9315174e-01   1.8064507e+00   2.5252893e-03
   6.8625000e-02   9.8606022e-01   1.8194742e+00   1.9221114e-03
   2.2255725e-01   1.1133760e+00   1.8999154e+00   1.4132906e-03
   5.8334865e-01   8.3862075e-01   1.7492585e+00   8.4932819e-05
   6.1062122e-03   1.0371520e+00   3.3491446e-01   7.8499981e-04
   7.4800563e-02   1.0074294e+00   8.2032798e-01   7.2283524e-04
   2.0520395e-01   1.1655154e+00   1.9481838e+00   2.9864981e-03
   9.2290931e-02   1.3580764e+00   1.9807999e+00   1.2865198e-04
   1.1959669e-01   7.6076021e-01   5.4185796e-01   8.8630662e-04
   6.3267804e-02   9.6234444e-01   5.1396246e-01   1.4450245e-03
   2.4601526e-01   9.4821186e-01   1.2631553e+00   7.7474331e-04
   1.2954845e-01   9.4948231e-01   3.4026703e-01   4.9072274e-04
   1.9352301e-01   1.0166399e+00   8.0869523e-01   7.7412252e-04
   1.6761943e-01   1.0165559e+00   1.1604145e+00   4.6069038e-04
   1.5695505e-01   1.3322157e+00   4.5270703e-01   1.7085541e-03
   8.8748175e-02   1.0893859e+00   1.5846084e+00   8.1029443e-04
   2.6291870e-03   9.1400637e-01   5.8583757e-01   1.0095373e-03
   6.1290055e-01   9.0129859e-01   1.8145276e+00   8.2849907e-05
   3.3587426e-02   1.2835683e+00   1.7572038e+00   5.7551264e-04
   1.1258291e-02   7.4298046e-01   1.6668316e+00   2.1792394e-03
   2.8607699e-01   9.7170362e-01   6.8988089e-01   5.7882746e-04
   4.6398978e-02   1.0583396e+00   6.1834539e-01   1.1036884e-03
   1.0751305e-01   9.7021695e-01   6.0033303e-02   2.2098973e-04
   5.9059426e-01   1.0618527e+00   1.1117557e+00   3.5124226e-04
   5.6475199e-02   8.5081190e-01   3.1489892e-01   2.0321820e-04
   1.7906246e-01   9.2509331e-01   1.8360871e+00   1.0985880e-03
   2.0058516e-01   8.4043004e-01   7.2567643e-01   1.2154933e-03
   4.0046594e-01   1.0470439e+00   1.5746707e-01   5.6614699e-05
   5.6088151e-02   1.1413928e+00   1.8655016e+00   8.4203361e-04
   4.2240486e-02   1.0136676e+00   1.2473465e+00   1.0865554e-03
   1.4419792e-01   1.1180026e+00   2.8539775e-01   1.4342970e-03
   1.0988327e-01   9.2779837e-01   5.9407705e-01   4.3542921e-04
   5.0935406e-01   1.0037502e+00   1.1772477e+00   2.1777602e-04
   7.6218947e-02   1.2391365e+00   1.9685314e+00   9.8858652e-04
   4.9476053e-02   1.2386552e+00   1.7538655e+00   4.5743894e-05
   2.0593568e-02   7.7597601e-01   1.4823140e+00   4.1453616e-04
   1.0444981e-01   1.0740530e+00   1.8241705e-01   1.1183023e-03
   6.9110600e-02   9.0542771e-01   5.2331805e-01   3.0338512e-03
   1.5355202e-01   1.2250280e+00   6.7279578e-01   2.8389444e-04
   4.7362630e-02   1.0354233e+00   1.1500576e+00   4.7949740e-05
   2.7873601e-01   9.5747144e-01   1.7421963e+00   6.3421576e-04
   4.2931665e-02   9.2437703e-01   6.4150151e-01   4.0461568e-05
   1.3365369e-01   9.7834799e-01   2.4155451e-01   4.6576186e-04
   8.6038183e-02   1.0748560e+00   6.2246990e-01   5.3303797e-04
   4.6634332e-02   1.1321791e+00   8.2802823e-01   6.0950840e-04
   7.7557872e-02   8.5392228e-01   3.5098525e-01   1.8262756e-03
   1.5764941e-01   1.0357205e+00   4.8083489e-01   8.6381097e-04
   7.3986385e-02   1.0264506e+00   2.7429849e-01   4.5526573e-04
   5.1350701e-02   1.1805116e+00   1.4961531e-02   2.1696642e-03
   3.8562062e-02   1.0983983e+00   1.5392364e-01   9.0432998e-04
   2.0012000e-01   6.5448018e-01   5.9220057e-01   2.2740010e-04
   2.6343513e-01   1.1151005e+00   6.0489128e-01   3.8425395e-04
   2.4224981e-02   8.1814893e-01   3.1958178e-02   1.8935210e-04
   1.4744610e-01   1.2492543e+00   1.2401346e+00   3.6397445e-03
   5.9861738e-02   6.8173813e-01   8.0662444e-01   1.5348953e-03
   2.9619074e-01   8.9133898e-01   8.7078189e-01   7.2505915e-04
   7.1162340e-02   1.0033132e+00   6.8557173e-01   6.7674177e-04
   1.1746646e-02   1.0423639e+00   4.2585328e-01   2.2060544e-04
   1.0779849e-01   8.7097290e-01   1.8441275e+00   1.5286884e-04
   1.1210433e-01   1.0366171e+00   3.4467268e-02   2.2882680e-03
   3.1776273e-02   1.0014082e+00   3.5966703e-01   3.4622478e-04
   2.2792869e-02   1.2372004e+00   2.7765789e-01   1.3046279e-04
   7.2796369e-02   8.8793247e-01   4.1510660e-01   1.4670911e-04
   2.8136002e-02   9.4558291e-01   1.5552628e+00   6.4285160e-04
   1.8190137e-04   9.5244350e-01   1.5135153e-01   1.2698017e-04
   2.9551038e-03   8.5900411e-01   7.2027433e-01   1.1938949e-03
   8.5328758e-02   9.7982272e-01   5.5292086e-01   2.8890451e-04
   2.3243212e-01   9.6437766e-01   1.5778520e+00   8.7829081e-05
   1.0652203e-01   9.9929957e-01   1.3100649e-01   1.3987181e-03
   5.0678157e-02   9.9704778e-01   1.8053669e+00   1.4900623e-03
   7.0339524e-02   9.3814793e-01   1.1315863e+00   5.4267218e-04
   8.1966514e-02   9.4328261e-01   6.2637719e-02   6.6145324e-04
   9.5091332e-02   1.0496223e+00   1.6527000e+00   6.9602483e-04
   5.5627253e-02   1.2679325e+00   9.4798717e-01   1.0072274e-03
   1.1620137e-01   9.5868364e-01   1.0782358e+00   5.1007341e-04
   4.5365092e-01   1.1580192e+00   1.4156567e+00   1.7880956e-03
   9.2652712e-02   9.0298463e-01   2.1808777e-01   8.6599106e-04
   2.0433436e-01   1.3104023e+00   9.3861099e-02   7.3181873e-04
   3.9769801e-02   1.0450722e+00   7.5873535e-01   3.8865624e-03
   1.4306453e-01   8.8420178e-01   1.9948455e+00   1.2281140e-03
   4.2515793e-01   8.8490080e-01   1.8219916e+00   3.8160454e-04
   2.2695816e-01   8.3679141e-01   1.6308268e-01   7.2820130e-05
   7.8420152e-02   8.5810717e-01   4.7260234e-01   8.1580379e-04
   5.6523328e-03   9.4609134e-01   4.1974025e-01   2.9259753e-04
   3.2505986e-02   5.9549747e-01   1.8788972e+00   5.5708272e-04
   5.7254570e-02   1.1184393e+00   3.3197786e-01   1.9756086e-03
   4.1292467e-02   9.7678547e-01   2.1675188e-01   2.9098031e-04
   4.6960289e-03   8.7346178e-01   2.3179161e-01   9.5502981e-04
   5.9901332e-03   1.1067770e+00   9.0849277e-01   3.9488928e-05
   1.4980165e-01   9.3514426e-01   4.9216118e-01   2.6885604e-03
   1.8099182e-01   8.2642844e-01   1.1327208e+00   1.3838658e-04
   9.2518027e-02   1.1826668e+00   9.8170387e-01   1.9122389e-04
   1.7743066e-01   1.1020319e+00   2.0644488e-01   1.6802346e-04
   3.8351833e-02   1.3865885e+00   1.9842544e+00   1.2063334e-03
   1.2016002e-01   1.2154208e+00   1.7997141e+00   1.1549545e-04
   1.2088000e-01   1.0082901e+00   8.9121298e-02   6.1079524e-04
   2.0975986e-01   9.0415364e-01   3.9486892e-01   1.3159676e-04
   2.0693048e-01   9.9070551e-01   1.3133138e+00   9.9112887e-04
   1.1505826e-01   9.7952864e-01   1.2854220e-01   3.2649491e-04
   1.7550174e-01   8.5648010e-01   1.2985172e+00   6.1539576e-04
   1.9436341e-02   1.1757842e+00   7.9307195e-01   2.9485290e-04
   1.8089427e-02   8.9814381e-01   8.6960487e-01   2.7120214e-03
   2.0670420e-02   1.0567247e+00   9.9478807e-01   2.5991197e-03
   3.2259552e-02   1.0108038e+00   1.0728594e+00   1.1682280e-03
   2.4382871e-02   1.1586681e+00   1.9228315e+00   7.4399792e-04
   1.3828678e-02   9.3443021e-01   2.9593522e-01   2.7996427e-03
   2.2352213e-01   8.1527997e-01   1.5576367e+00   2.0441235e-03
   1.2166514e-02   1.0753333e+00   7.4686860e-01   7.2013983e-05
   1.1319614e-01   6.4031453e-01   9.8570088e-01   4.6824395e-04
   1.7384976e-01   9.3556837e-01   1.0905166e+00   5.8465732e-04
   8.1664868e-02   9.6867737e-01   1.7069933e+00   1.7154578e-03
   7.5502906e-02   8.6394648e-01   1.4897281e+00   5.6266085e-04
   1.6186844e-01   9.7287952e-01   1.4855888e+00   2.3298060e-03
   4.5409947e-02   1.1079989e+00   1.6921474e+00   1.2819273e-03
   3.1809446e-01   8.1858402e-01   1.6019058e+00   1.2196157e-03
   9.7915425e-02   9.5926639e-01   8.4725933e-01   2.0867319e-03
   1.9236169e-02   1.0159841e+00   5.1594421e-01   1.6996445e-03
   1.2307028e-01   1.1934434e+00   1.2549038e+00   9.2537625e-04
   3.4910919e-02   6.7638483e-01   1.7802172e+00   1.0449413e-03
   3.5885928e-01   1.0926973e+00   8.7816844e-01   1.1654953e-03
   3.3036627e-01   1.0377034e+00   1.2337087e+00   4.7474040e-03
   1.0315808e-01   1.0858405e+00   1.9707402e+00   2.4275203e-04
   1.9650755e-02   1.0696321e+00   1.3462211e+00   5.2879976e-04
   9.8518313e-02   1.0551752e+00   2.6737578e-01   8.5421030e-04
   8.6843080e-03   9.8784845e-01   9.4318857e-01   4.5059782e-04
   2.1441060e-01   1.0808838e+00   1.5897614e+00   1.1088166e-04
   8.4776132e-02   1.0960946e+00   1.2187033e-01   1.3541663e-03
   3.0102191e-01   8.8664141e-01   1.2505451e+00   9.3601598e-04
   5.7824631e-02   1.0285864e+00   1.8086498e+00   6.2338530e-04
   1.9733139e-03   1.0964632e+00   1.0305227e-01   1.1953867e-04
   2.6881625e-01   9.8493081e-01   4.9403694e-01   1.3590350e-03
   2.8435155e-02   1.2328791e+00   1.6514713e+00   2.4593698e-04
   8.1443601e-05   1.0143993e+00   1.2967810e+00   7.4509396e-05
   5.2153083e-02   7.5409336e-01   1.9524179e-02   1.0685465e-03
   1.0108514e-01   1.0674414e+00   6.4883947e-02   1.5462875e-03
   7.8915777e-03   1.0607129e+00   3.4940076e-01   9.7110363e-04
   1.2403687e-01   1.1666000e+00   3.7498364e-03   1.2238310e-03
   1.4991520e-02   8.7069735e-01   3.6327493e-01   3.9309075e-04
   1.6088900e-01   1.1904273e+00   1.9888311e+00   1.9356623e-03
   1.4779245e-01   7.9897097e-01   1.0028087e+00   1.8045849e-03
   1.0666386e-01   8.0496070e-01   9.4153844e-01   1.7389218e-04
   2.6601374e-02   9.6139439e-01   1.2841810e+00   7.1115351e-05
   7.5855105e-02   1.0621433e+00   1.0107038e+00   1.5976575e-04
   1.1156273e-01   8.1580150e-01   2.9189374e-01   5.1267783e-04
   6.7392913e-02   8.3226439e-01   1.0940707e+00   5.9591280e-04
   3.9406720e-01   1.1352127e+00   8.9808316e-01   6.9114203e-04
   9.5684014e-02   9.5003520e-01   1.9083127e+00   3.9449939e-03
   3.8127729e-02   9.0766253e-01   4.4978598e-01   1.4247540e-03
   1.2277564e-02   9.8440827e-01   1.7208469e+00   2.2352279e-03
   8.5029767e-02   1.0889246e+00   1.4404726e+00   2.3571714e-04
   1.2456266e-01   9.4651969e-01   1.1725081e+00   1.4748268e-03
   3.6480497e-02   1.0087780e+00   1.5373198e+00   2.7206587e-04
   5.3509888e-02   8.2997164e-01   1.6351425e+00   4.4312599e-04
   8.1460608e-03   1.3024252e+00   1.2894233e+00   9.9864505e-04
   1.2409897e-01   1.0838520e+00   1.0769988e+00   9.7735228e-05
   1.8412504e-02   7.9432352e-01   1.2126123e+00   2.1509895e-04
   7.5370391e-02   1.3405018e+00   7.0372958e-01   7.0399341e-04
   1.4638823e-02   9.6392624e-01   1.6887352e+00   1.3269227e-03
   8.7256630e-02   7.5125143e-01   5.6664742e-01   6.9381140e-04
   1.2592521e-01   8.2625450e-01   1.2012715e+00   1.0792416e-03
   3.0916236e-01   9.3165376e-01   6.6876437e-01   2.1968919e-03
   2.3077028e-01   1.0502546e+00   6.5299041e-01   4.3116953e-03
   2.1900674e-02   1.1765220e+00   2.3263372e-01   2.5614585e-03
   5.5363615e-02   1.1634974e+00   5.3314384e-01   2.4381977e-04
   8.9096220e-03   1.1534417e+00   1.8949450e+00   5.0584811e-03
   4.5090166e-02   1.0311517e+00   1.9123929e-01   1.5774513e-03
   4.3528447e-01   9.8210548e-01   1.4589702e-01   1.8642784e-03
   6.4720147e-02   7.6345453e-01   1.8740114e+00   1.5038087e-03
   2.0127678e-02   8.4781694e-01   1.3847513e+00   1.0777716e-03
   1.9451706e-01   1.1339838e+00   5.3730579e-01   3.0284930e-05
   1.7445619e-01   7.1848476e-01   1.9640786e-01   9.1723288e-04
   7.1033388e-02   8.8166430e-01   1.6410032e+00   5.8707940e-04
   2.3589253e-01   1.0452380e+00   5.5936041e-01   3.0795711e-03
   4.4246561e-02   8.5724624e-01   2.3830856e-01   3.2389506e-04
   2.2820454e-01   1.1173467e+00   4.3848181e-01   1.6519200e-03
   1.9648757e-01   1.1013372e+00   1.4446385e+00   4.2419202e-04
   1.0683453e-01   9.4883711e-01   1.1972129e+00   6.2923936e-04
   2.6723208e-02   8.0922869e-01   1.4568414e+00   2.5871501e-04
   1.0769780e-02   1.0693965e+00   1.2822595e+00   8.3717551e-04
   1.1445054e-01   9.6803598e-01   1.7973822e+00   2.9802677e-04
   3.7732213e-01   1.2234948e+00   4.8798807e-02   1.9910893e-03
   1.2964156e-02   1.0045138e+00   1.4622318e+00   4.7358225e-04
   2.1673683e-02   1.0571143e+00   1.8809129e-01   1.1780543e-03
   4.0426118e-02   8.7302537e-01   4.1021318e-01   6.7580974e-05
   1.7975624e-03   1.0559028e+00   1.5174176e+00   3.7207154e-04
   2.9021825e-02   1.3514997e+00   1.9009464e+00   8.8223614e-04
   5.3653752e-03   8.0776327e-01   9.5346968e-01   1.1232848e-03
   5.0141195e-01   9.9551153e-01   1.2863193e+00   1.3933437e-03
   2.4803070e-01   7.9518990e-01   1.6728019e+00   1.5394715e-03
   1.7730264e-01   1.0546661e+00   4.6430059e-01   6.8499410e-04
   1.8736751e-01   9.3892029e-01   1.2672304e+00   4.4526204e-04
   3.9106178e-02   1.0386353e+00   1.8427158e+00   2.5353225e-03
   3.0079136e-02   9.4503150e-01   4.5112885e-01   1.3728426e-03
   2.2871852e-01   8.2945179e-01   3.1971750e-01   2.1279361e-04
   7.1959861e-02   8.8573608e-01   3.4687176e-01   1.1627363e-05
   2.8881386e-02   1.2796030e+00   1.1345509e+00   1.8790003e-03
   1.2162713e-01   1.0395114e+00   1.8355408e+00   4.0191067e-04
   1.5136884e-01   9.1039458e-01   3.3991142e-01   9.6483325e-04
   3.4581356e-01   9.0588988e-01   3.9949885e-01   1.5243205e-03
   5.1579879e-02   9.9323931e-01   1.7319082e+00   4.7886131e-04
   3.6317619e-02   1.0139222e+00   2.6265043e-01   1.0951010e-03
   3.4377604e-01   1.0726123e+00   1.0862746e+00   4.0575238e-04
   2.5724586e-01   9.0150551e-01   9.0592952e-01   3.1203556e-03
   5.3383356e-02   1.2550643e+00   3.4241632e-01   8.7393613e-05
   8.9759974e-02   8.6618700e-01   8.4806407e-01   3.0574314e-04
   9.7836833e-02   1.0563190e+00   6.2429268e-01   1.0368361e-03
   1.4266937e-02   1.0824351e+00   6.0006935e-01   9.7525540e-05
   1.3468152e-01   8.6302517e-01   4.2946973e-01   9.7299214e-04
   6.1551868e-02   1.1954472e+00   8.8143454e-01   2.5885473e-03
   1.0907048e-01   9.0066437e-01   1.4968446e+00   1.2994793e-03
   6.7052157e-02   1.0107634e+00   1.3586254e+00   3.5734502e-05
   4.7712545e-02   8.2812097e-01   5.0095926e-01   8.7170369e-04
   5.9332171e-02   8.4276034e-01   2.2331617e-01   1.8276489e-03
   1.5758565e-02   1.0491840e+00   8.9742757e-01   5.3914313e-04
   3.9939762e-01   1.3196282e+00   1.7104317e+00   2.3979908e-03
   2.0848009e-02   8.2462940e-01   1.7004429e-01   1.3865716e-03
   4.5292916e-03   1.0779450e+00   2.3728890e-01   3.4254681e-03
   6.2102995e-02   9.6732851e-01   9.0772649e-01   4.4156766e-03
   2.2128201e-01   1.1679864e+00   3.9256197e-01   3.2920940e-04
   2.9327960e-02   9.4156400e-01   1.2435399e+00   5.6029419e-04
   2.6888616e-03   9.8855329e-01   3.8791636e-01   6.4118850e-04
   6.0212617e-02   9.1561305e-01   1.4324004e+00   9.4529396e-04
   2.4827578e-02   1.2697665e+00   1.9563501e+00   1.8404260e-03
   1.6294697e-01   1.0996753e+00   3.3074500e-02   7.4861721e-04
   5.4928669e-01   9.8582221e-01   1.3768945e+00   3.0458445e-04
   7.2666254e-03   8.9753945e-01   1.6742718e-01   2.0207925e-04
   1.1629916e-01   1.0215843e+00   9.1491212e-01   7.5804485e-04
   5.8968086e-02   1.3294231e+00   1.6962509e+00   3.6567688e-03
   8.3027810e-02   1.0231703e+00   1.8470764e+00   1.4282266e-03
   1.7491836e-01   9.5303524e-01   1.5862795e+00   7.0366771e-05
   4.2582426e-02   1.0424740e+00   1.5038821e+00   1.2485071e-03
   3.2017219e-02   1.2434556e+00   7.3060709e-01   3.7103658e-04
   1.3271391e-01   8.3713240e-01   1.8628195e+00   8.7457617e-04
   4.9566676e-02   1.1847932e+00   4.2633620e-01   1.2379216e-03
   5.0974323e-02   1.0124307e+00   1.1241922e-01   1.2871793e-03
   2.6480324e-01   9.0047804e-01   1.8595368e+00   6.2442548e-05
   1.5359941e-01   9.5678842e-01   1.1186824e+00   1.1545166e-03
   2.2966508e-01   7.6710939e-01   1.8906106e+00   2.1888075e-03
   2.5764886e-02   7.7815703e-01   8.3980356e-01   2.1387360e-03
   4.4990539e-02   1.0782757e+00   1.5735880e+00   1.1128495e-03
   1.9914477e-01   1.0538836e+00   1.5520613e-01   7.9594968e-04
   3.1695448e-01   1.0624534e+00   6.8622397e-01   6.3229629e-04
   1.3244267e-02   1.0321781e+00   1.3564643e+00   8.2627679e-04
   2.7110446e-01   9.6619165e-01   1.9285981e+00   1.1285482e-04
   1.4878606e-01   9.3111287e-01   5.2918825e-01   3.2680231e-05
   1.6070453e-02   1.1143244e+00   1.8578471e+00   1.2654889e-03
   3.3328307e-01   1.1529954e+00   2.2162978e-01   3.0088278e-04
   2.2934147e-02   1.1037861e+00   7.3280066e-01   1.5489655e-03
   1.4664826e-01   1.2044899e+00   4.6876811e-02   7.0174658e-04
   8.8458891e-02   1.1282422e+00   1.7754628e+00   7.4131152e-04
   2.4920901e-01   9.6963233e-01   5.5153353e-01   6.2485247e-04
   4.0100565e-02   9.4950359e-01   4.3060627e-01   1.7913149e-03
   1.8029770e-01   8.7517222e-01   9.0275422e-01   1.0045861e-04
   2.3911798e-01   9.9387104e-01   1.8278343e+00   1.3560618e-03
   4.6242869e-01   7.8362428e-01   1.6485537e+00   5.8038226e-05
   1.7211770e-01   1.0722853e+00   1.4747829e+00   1.6847101e-03
   8.1044139e-02   9.0668207e-01   8.3485197e-01   4.4239142e-03
   4.0332466e-02   1.0339748e+00   9.2645195e-01   1.7628306e-03
   1.5951688e-01   9.8475098e-01   1.4133229e+00   2.9960512e-03
   1.8279791e-01   9.4125413e-01   6.0999120e-01   1.6665494e-03
   5.4183106e-02   1.0053059e+00   1.0662100e+00   1.1105181e-03
   1.2960637e-01   1.1138666e+00   1.0417570e-01   6.5426972e-04
   9.2811717e-04   1.0689487e+00   7.4916702e-01   1.7413354e-03
   8.3662525e-02   9.6210705e-01   4.2038583e-01   4.1804934e-05
   1.8552452e-02   1.0591460e+00   1.5670389e+00   6.6304414e-04
   2.6858271e-02   9.7755845e-01   1.7198800e+00   2.7078497e-04
   1.5477614e-01   1.0220250e+00   1.8232900e+00   2.1296084e-03
   1.9007694e-02   9.1102931e-01   5.9953921e-01   2.5417835e-03
   9.6658875e-02   1.1547923e+00   1.9418852e+00   1.9626746e-03
   1.1027664e-01   1.1432352e+00   3.1064178e-01   6.9705088e-06
   1.1076976e-01   1.0243052e+00   3.0266631e-01   2.7993360e-04
   1.3974621e-02   9.2847789e-01   9.7598100e-01   4.7076179e-03
   9.1234383e-02   8.6203514e-01   1.2693153e+00   1.2467216e-04
   2.2202635e-02   1.0930021e+00   7.8810925e-01   4.1189435e-04
   7.0459147e-02   7.4577817e-01   1.8515207e+00   2.0966861e-04
   2.9576941e-02   8.7861141e-01   1.3677967e+00   7.7837217e-04
   2.1106448e-01   8.9895203e-01   1.3750159e+00   1.4424351e-04
   6.3075566e-02   9.6703229e-01   1.6719223e+00   1.0659415e-03
   1.1052802e-03   8.4612985e-01   6.1765701e-01   5.8595469e-04
   4.7250263e-02   9.6189423e-01   4.6844916e-01   3.9075415e-04
   3.9702683e-02   8.7713383e-01   2.8218916e-01   2.5603893e-04
   6.4298226e-02   1.1024607e+00   1.0501199e+00   7.0524563e-04
   6.2898715e-03   9.6994698e-01   1.6698421e-02   1.8443899e-04
   2.0346606e-01   1.0943092e+00   5.3869910e-01   2.2932631e-04
   7.2209085e-02   1.0650177e+00   7.2413469e-02   1.2035120e-04
   2.2515985e-02   1.1708226e+00   5.5662501e-01   1.6435382e-03
   2.6345314e-02   1.2050967e+00   1.2565901e+00   2.4575369e-03
   3.1103841e-02   9.5176079e-01   1.6850695e+00   6.2733456e-04
   2.5233859e-01   1.0238777e+00   1.1366521e+00   3.7268336e-04
   1.8688218e-02   9.1968595e-01   9.3393677e-01   4.0349002e-03
   6.5947841e-02   1.1993587e+00   5.8035884e-01   8.0245190e-04
   1.6510631e-01   8.9973620e-01   1.9730484e+00   1.3980132e-03
   5.0725558e-03   1.1495015e+00   1.0229390e+00   1.5782901e-04
   5.4865372e-02   8.4679691e-01   1.4508898e+00   1.1598595e-03
   3.7957950e-02   1.0821590e+00   1.0713662e+00   2.6145760e-03
   1.7138107e-02   1.1385764e+00   1.6878896e-01   2.8255935e-03
   4.3100255e-01   1.0662358e+00   5.7692828e-01   1.7530679e-03
   2.7600485e-01   8.3503296e-01   1.2267366e+00   5.3817517e-05
   2.1747548e-02   9.3586347e-01   4.1476876e-02   7.1702102e-04
   4.6797092e-02   1.0468693e+00   1.7700180e+00   1.9045232e-04
   5.2991937e-02   8.4135510e-01   1.1497527e+00   7.9655227e-04
   1.5068237e-01   9.2941470e-01   1.8137635e+00   2.6092494e-04
   1.1928680e-02   1.0461355e+00   5.7046105e-02   1.5585655e-03
   6.6555025e-02   9.7740293e-01   1.4901270e+00   1.8867048e-03
   2.5373354e-03   1.0079436e+00   1.5017332e+00   1.0118828e-03
   9.2079068e-02   8.9213741e-01   6.5985662e-01   4.8104949e-04
   2.7446951e-02   9.3263044e-01   1.0520707e+00   3.0918561e-04
   1.2899538e-01   1.1616288e+00   1.0960840e+00   2.7819825e-03
   1.8203262e-01   1.0990197e+00   1.9916483e+00   6.3503493e-05
   6.2861247e-02   9.6054230e-01   1.4679908e+00   3.3278375e-04
   3.7517858e-01   9.4094362e-01   1.7173783e+00   2.8209254e-05
   1.2716537e-01   1.1892564e+00   1.5596666e+00   6.6361020e-04
   4.1609521e-02   1.0797026e+00   1.4231095e+00   2.2468606e-03
   3.9132277e-01   1.1485002e+00   7.0790273e-01   9.3067474e-04
   3.6175779e-02   1.0995590e+00   1.3200413e+00   3.7249682e-03
   1.3815216e-01   1.0336752e+00   3.8958201e-02   1.0751204e-03
   1.4915076e-01   7.7509676e-01   7.8101000e-01   4.2847003e-04
   2.6600476e-01   1.4367706e+00   1.1522270e+00   4.4155967e-05
   1.8977599e-01   8.2156784e-01   1.3604075e+00   1.7277373e-03
   1.1655119e-01   1.0793670e+00   9.9946085e-01   1.0916379e-03
   1.0875730e-01   9.3709806e-01   1.4981047e+00   3.3574550e-03
   4.9336164e-01   7.8705658e-01   1.4026596e+00   1.9966280e-04
   9.5902145e-03   8.9863888e-01   7.8238774e-01   1.1351821e-03
   5.0291341e-03   1.0223599e+00   6.9425876e-01   6.5719214e-04
   1.3081663e-01   8.7419757e-01   1.3637749e+00   7.5951697e-04
   7.9260607e-02   1.1007126e+00   8.8223239e-01   2.5687607e-04
   3.0766883e-01   1.1347264e+00   1.8804413e+00   8.0440263e-04
   2.8631052e-01   9.1141641e-01   1.7469204e-01   4.6881869e-04
   2.5685776e-01   9.9165485e-01   4.4768203e-01   2.0803441e-04
   1.4483593e-02   8.1029603e-01   1.2441298e+00   8.4984510e-04
   3.7734393e-02   1.0064148e+00   4.9750844e-01   2.9842967e-04
   9.3982779e-02   1.1449037e+00   1.1587323e+00   5.8910851e-04
   6.2666533e-02   8.0628041e-01   1.9214747e+00   4.6416785e-04
   3.0336324e-01   1.0787009e+00   8.6700019e-01   9.0170104e-04
   2.7529082e-01   1.1753495e+00   1.5463692e+00   2.3945119e-05
   1.0600430e-01   1.1554533e+00   9.1216289e-01   7.8144912e-04
   4.1393770e-02   1.0057054e+00   1.4496750e+00   1.4630931e-03
   1.2267332e-01   1.0816039e+00   2.6901553e-01   2.0172684e-03
   9.9714913e-02   8.1260021e-01   1.0420054e+00   3.8397202e-04
   1.3995986e-01   9.0886827e-01   7.1675290e-01   8.6898088e-04
   2.4494565e-01   1.0762970e+00   2.0312262e-01   7.3188084e-03
   4.8950496e-02   1.0278120e+00   9.6132073e-01   5.6468423e-04
   2.6162948e-02   8.8904080e-01   5.6344504e-01   1.9059999e-03
   5.7528379e-02   1.5070123e+00   7.9885163e-02   4.3274555e-04
   4.7208001e-01   1.2764098e+00   4.3641303e-01   1.7573250e-03
   1.0566562e-01   1.0897544e+00   1.3329980e+00   3.2749602e-04
   3.7336620e-03   9.0203486e-01   1.1081879e+00   5.4103173e-04
   1.3046215e-01   1.0148550e+00   1.6385469e+00   4.1532080e-03
   9.4775180e-02   1.0267587e+00   6.3661696e-01   9.9209660e-04
   2.3427189e-01   9.3604596e-01   1.9377237e+00   2.4787456e-04
   3.6619733e-01   8.7195502e-01   1.1134135e+00   9.2181729e-04
   4.6331019e-04   1.2029715e+00   1.0074506e-01   8.1873573e-04
   6.1769511e-02   9.1908642e-01   4.4218607e-01   1.0480450e-03
   1.0539930e-01   1.2274514e+00   1.3911673e+00   7.8870400e-05
   2.5995401e-02   8.9707180e-01   1.3371915e+00   3.6053049e-04
   1.2477873e-01   9.0353536e-01   1.5383365e+00   5.1416954e-04
   6.3621355e-02   9.0230219e-01   5.3775669e-02   1.5113981e-04
   5.4876061e-03   8.6015114e-01   9.2127682e-01   3.1383661e-04
   6.2612808e-02   7.8855313e-01   1.5992081e+00   7.2654626e-04
   2.9410797e-01   1.1377400e+00   8.8893395e-01   9.6682005e-04
   2.0904653e-01   9.2744687e-01   1.1020027e+00   1.3969941e-04
   3.1629250e-02   8.4487601e-01   1.3528370e+00   2.9021584e-04
   3.5617658e-01   8.1429424e-01   1.2480033e+00   1.1476952e-03
   3.4423890e-02   1.2957722e+00   1.0068419e+00   4.2150037e-04
   3.3907995e-01   8.0237791e-01   1.1541353e+00   5.6151954e-04
   1.9736629e-01   1.3056565e+00   8.9551697e-01   1.3525938e-04
   9.4441743e-03   8.3592321e-01   4.9874070e-01   2.8357406e-04
   4.4618497e-01   9.0431189e-01   2.5174389e-01   1.1852655e-03
   3.4211337e-02   1.0305763e+00   9.2950231e-01   8.0649504e-04
   3.1766424e-03   9.1265775e-01   1.3074841e+00   1.3331482e-03
   2.6991067e-01   9.1675114e-01   1.2256828e+00   2.7111317e-06
   1.8713319e-02   1.1223113e+00   1.8866011e+00   2.1096504e-03
   4.4293348e-03   1.0398266e+00   1.0617509e-01   9.3330647e-04
   1.7627702e-01   8.6964381e-01   1.4933305e+00   3.6615472e-04
   3.1150104e-01   1.0155787e+00   1.3318327e+00   1.4403148e-03
   7.7397733e-02   1.1291686e+00   1.7828135e+00   4.3131969e-04
   3.8455469e-03   8.5270021e-01   1.4737807e+00   3.0581320e-03
   1.3120619e-01   1.0971207e+00   5.4897172e-01   8.5910721e-05
   1.3412981e-01   1.0534936e+00   1.7358594e+00   2.2506534e-04
   1.4623182e-01   9.5719951e-01   3.6435017e-01   9.5473783e-05
   1.0513732e-02   9.8200891e-01   1.6360401e+00   3.4883143e-03
   2.6110843e-01   1.0231215e+00   2.5267683e-02   1.0664159e-04
   1.4392913e-01   1.1715911e+00   7.4942445e-02   1.4817361e-04
   1.1713347e-01   9.9981239e-01   8.1494477e-01   9.9615487e-04
   9.3719004e-02   8.3428356e-01   1.2715401e+00   7.6711095e-04
   2.4422126e-01   6.9992502e-01   1.0321632e+00   3.4677635e-04
   5.0282841e-02   9.7213745e-01   1.8557078e-01   1.8193619e-03
   1.4016705e-01   1.1600241e+00   1.5132456e+00   8.9271470e-04
   1.4091896e-02   1.1597458e+00   9.6446789e-01   3.2128159e-04
   2.5170340e-02   7.8257585e-01   4.8872863e-01   7.8038161e-04
   2.5477503e-02   1.0935361e+00   9.6839407e-01   4.1941811e-04
   6.2426319e-02   1.1274636e+00   1.8889860e+00   6.5886549e-04
   7.1339179e-02   1.0855565e+00   1.7738619e+00   2.0025428e-03
   2.7911683e-02   9.6083817e-01   9.0118815e-01   1.1877337e-04
   7.7083122e-02   8.7781324e-01   3.7738398e-01   5.0611117e-05
   2.9094166e-03   9.4459645e-01   4.0021473e-01   2.3513906e-03
   4.8598011e-02   9.3404556e-01   1.1232047e+00   3.5837279e-03
   5.0511411e-02   1.2421860e+00   1.7225991e+00   4.0260161e-04
   1.5469536e-02   7.9242043e-01   4.4189653e-01   1.5648878e-05
   2.8829505e-01   1.1265080e+00   6.7838485e-02   1.6042449e-04
   1.8002077e-01   9.7448973e-01   8.3375765e-01   1.3837092e-03
   6.2280442e-03   8.5321938e-01   8.4023824e-02   1.0833871e-03
   4.4069172e-02   1.0655031e+00   5.9114450e-01   6.4557402e-04
   1.3345574e-01   1.0921422e+00   1.2346148e+00   7.8842442e-04
   1.0230199e-01   1.2709268e+00   1.9549093e+00   4.8644141e-04
   6.1952566e-02   1.2854228e+00   4.1352139e-01   3.9657001e-04
   9.2881457e-02   6.7102588e-01   1.9257738e+00   1.5625646e-03
   4.0529849e-01   1.0830144e+00   1.3484050e+00   6.7976923e-04
   2.1902578e-01   8.7032061e-01   7.1441253e-01   3.5350427e-05
   7.7720780e-02   9.2867955e-01   2.8776490e-01   1.7710551e-04
   8.0611441e-02   1.0195498e+00   1.4074264e+00   1.4982547e-03
   1.1488507e-01   8.9381429e-01   1.9329004e+00   2.0723162e-03
   3.4040410e-03   9.8810248e-01   1.5095491e+00   4.0372952e-04
   2.1677038e-01   8.9635116e-01   8.6451936e-01   3.3784053e-04
   8.4253010e-02   1.0699836e+00   1.7458833e+00   4.3390369e-04
   6.5231052e-02   9.7129831e-01   1.4347874e+00   4.1942776e-05
   5.8571229e-02   9.8003466e-01   8.4115169e-01   4.1093206e-03
   1.1309840e-01   9.1714279e-01   1.6326331e+00   9.5035474e-04
   1.6925239e-02   9.5881260e-01   1.4362425e+00   5.4887932e-05
   6.4197100e-01   6.9144540e-01   1.3100167e+00   2.0421454e-04
   5.0955684e-02   1.1209927e+00   5.8975294e-01   2.3323651e-04
   4.1808797e-02   9.2223915e-01   7.3673402e-01   1.9744879e-04
   1.2040133e-02   9.1191741e-01   1.0880810e+00   2.4293661e-03
   4.9927926e-02   1.0099778e+00   6.3236476e-01   1.6911674e-04
   4.2459710e-02   1.0805641e+00   7.7222340e-01   1.6066058e-03
   1.7615347e-02   1.2411208e+00   1.3791879e+00   1.9457335e-03
   6.8753262e-02   1.1083041e+00   1.9152567e+00   1.2577704e-03
   6.3709831e-02   8.3449109e-01   1.4249209e+00   1.1762406e-03
   5.6264244e-02   9.9775402e-01   5.2482548e-01   1.2218724e-04
   4.4780650e-02   1.2299567e+00   1.7401743e+00   5.0370228e-04
   1.3029041e-01   1.0380317e+00   4.3336972e-01   9.4112501e-05
   1.8291900e-01   1.1288493e+00   1.7253873e+00   4.4690538e-04
   1.2791455e-01   9.5415042e-01   4.8678451e-01   1.1720810e-03
   2.7335385e-01   9.4029179e-01   1.0684710e+00   8.4008905e-04
   2.2640551e-01   8.7972848e-01   3.2356556e-01   5.4606408e-04
   1.5244678e-02   1.2354271e+00   1.9050970e+00   1.0317191e-04
   2.1003717e-02   1.1439121e+00   1.7462973e+00   1.8959398e-03
   3.0025546e-01   9.6938484e-01   9.4477651e-01   2.5298996e-04
   6.3943385e-02   8.6832969e-01   1.4470470e+00   2.8622270e-03
   1.0839767e-01   1.0176916e+00   4.6742115e-01   1.0633350e-03
   5.5261731e-02   9.8344155e-01   1.9136315e+00   3.0705496e-04
   2.7320903e-02   9.5112329e-01   1.0356891e+00   1.4509862e-04
   1.9284575e-01   9.9466402e-01   4.3481212e-01   4.7534761e-06
   1.4169020e-01   1.0296149e+00   1.7639403e+00   1.3314652e-03
   1.6969075e-01   1.0477327e+00   5.0901363e-01   3.1875807e-04
   1.6344786e-02   9.2734118e-01   6.0389355e-01   1.5518216e-03
   9.7878006e-03   9.8926555e-01   4.5761086e-01   5.9953198e-04
   1.4593166e-01   1.2135665e+00   1.4168349e+00   2.0251374e-03
   9.7412676e-02   8.4989200e-01   1.3193554e+00   7.0424104e-06
   8.0313858e-02   1.0940370e+00   1.5819676e+00   2.2612424e-04
   6.8289456e-02   1.0239131e+00   9.5556102e-01   7.3336504e-04
   3.4608611e-02   9.4276580e-01   1.0848290e+00   5.5453091e-04
   1.0956481e-01   9.7803198e-01   1.4609000e+00   3.8276650e-05
   1.6905050e-01   1.0300668e+00   3.6644537e-01   2.9405714e-04
   4.4395098e-02   9.6769006e-01   3.0020453e-01   1.1307109e-03
   3.5896467e-02   7.2729005e-01   1.7330378e+00   2.1159531e-03
   2.8346559e-01   1.0049349e+00   1.3080853e+00   1.6152723e-03
   2.2634160e-02   1.1112079e+00   1.9785171e+00   7.0098663e-04
   7.2737621e-02   1.0090692e+00   7.2667337e-01   3.3319521e-03
   1.9233638e-01   9.5418961e-01   1.4583728e+00   3.0254362e-04
   2.0757855e-01   1.0640193e+00   1.9033126e+00   3.7556621e-03
   1.2620603e-01   1.0506508e+00   1.5231930e+00   4.3752392e-04
   8.3235396e-03   1.0438344e+00   1.3033086e+00   1.4517701e-03
   8.7340078e-02   8.0695918e-01   1.0288966e+00   1.7925186e-05
   1.8859424e-03   8.5701917e-01   1.6317784e+00   1.3452691e-04
   9.8714408e-02   1.0066586e+00   1.1943504e+00   4.9197579e-04
   4.9080896e-01   1.1116933e+00   6.4366188e-01   2.3797087e-03
   1.3234372e-01   7.9141677e-01   1.5698246e+00   2.4990120e-04
   1.5422874e-01   9.3119511e-01   3.6887821e-01   5.2478327e-05
   1.0145020e-01   1.0766125e+00   8.2303706e-01   2.4758630e-03
   4.2082954e-02   1.0715927e+00   1.1819964e-02   1.9959057e-03
   3.9493089e-02   8.9352906e-01   9.5620822e-01   3.7425225e-04
   3.5389738e-01   1.0112818e+00   1.9757426e+00   1.7689777e-03
   2.1519669e-01   1.1169992e+00   2.8903312e-01   3.4570804e-05
   3.7098393e-02   8.3258758e-01   4.9162994e-01   4.2506898e-04
   2.6447368e-01   1.1741327e+00   8.9262210e-01   8.4574969e-04
   2.3042876e-02   1.1487632e+00   1.6165185e+00   3.7602834e-04
   4.3015030e-02   1.0249790e+00   1.8486350e+00   5.2050136e-05
   3.8148751e-01   1.1003605e+00   6.6111230e-01   1.4821221e-03
   1.0523680e-01   1.0587250e+00   6.4917920e-01   2.7623495e-03
   2.7553879e-02   1.0979391e+00   8.8421233e-01   3.1299364e-03
   1.3795104e-01   1.0315251e+00   1.6068953e+00   9.2739056e-04
   2.7197404e-01   8.6028714e-01   1.0168236e+00   6.2094118e-04
   1.7872007e-01   1.0736746e+00   9.8901615e-01   1.2334513e-03
   2.1370078e-01   8.7434042e-01   7.5131390e-01   1.4072185e-04
   3.5649269e-02   1.0269808e+00   1.2605269e+00   9.0663455e-04
   4.2767359e-02   1.1459725e+00   1.3429708e-01   1.9350255e-04
   2.9765541e-02   8.8020233e-01   1.6238079e+00   1.4653454e-05
   1.5699925e-02   9.8152275e-01   9.7675439e-01   2.0221053e-03
   1.4954997e-01   1.1473169e+00   7.5446546e-01   7.4767547e-05
   6.0506263e-02   8.9494587e-01   5.4502350e-01   1.7168698e-04
   1.5045235e-01   1.2193073e+00   1.3291001e+00   2.2586655e-03
   8.3270138e-02   9.3653472e-01   1.8735079e+00   5.4208394e-03
   3.4859990e-01   8.1117347e-01   2.4228052e-01   1.2474636e-03
   5.3211273e-02   1.1403175e+00   1.3737436e+00   1.0049608e-03
   1.0672797e-02   1.1058514e+00   8.4400191e-01   7.4932092e-04
   3.7199805e-02   1.0151757e+00   1.8096141e-01   3.3069373e-04
   3.3800696e-02   8.5546228e-01   1.6206301e+00   5.6935392e-04
   1.0029157e-02   1.0742205e+00   1.3808497e+00   4.6019541e-04
   1.3948183e-01   1.0382826e+00   1.2213767e+00   1.0386263e-03
   2.8399274e-02   1.1033846e+00   1.5913278e-01   3.1621591e-04
   1.2130394e-01   1.0405903e+00   1.2119444e+00   1.7357873e-03
   7.1873886e-02   1.1210787e+00   8.5042587e-01   1.0138187e-04
   8.0792222e-02   7.6443032e-01   1.9274446e+00   1.4956080e-03
   1.1910587e-01   1.0954700e+00   1.1412501e+00   2.1583880e-04
   1.7329287e-02   1.1244304e+00   1.0134510e+00   4.9807495e-04
   1.5920505e-01   9.4193595e-01   1.1463204e+00   9.5938376e-04
   2.1025226e-01   8.5364541e-01   2.7895965e-02   8.9806461e-04
   7.8149340e-02   7.5188285e-01   7.0485221e-01   2.2020815e-05
   2.4963153e-02   8.2763628e-01   5.7911776e-01   1.1827006e-03
   4.1282471e-01   9.2188277e-01   1.6450594e+00   5.1772455e-03
   9.9779720e-02   1.2738378e+00   1.6297337e+00   1.0258340e-03
   1.7019807e-01   1.1440994e+00   7.7530565e-02   2.6194110e-04
   2.5865806e-02   7.8135553e-01   8.0169326e-01   8.2218283e-04
   3.3266841e-02   9.4751920e-01   1.0271940e+00   5.2028765e-04
   5.8138727e-03   8.6746906e-01   1.9823035e+00   4.0134004e-03
   3.3033806e-02   1.0914744e+00   2.5786690e-01   3.4249339e-04
   2.4042574e-02   6.9180566e-01   1.8710767e+00   1.3220605e-03
   2.3351002e-01   1.1099671e+00   6.3193821e-01   1.2900657e-03
   3.8833373e-02   1.2114336e+00   8.2581673e-01   4.7772575e-04
   3.2085432e-01   1.1269240e+00   1.3157698e+00   5.7167824e-04
   6.5806974e-03   8.1944672e-01   3.5734361e-01   1.9156055e-03
   1.9484153e-01   1.0851918e+00   2.6153436e-01   1.1501052e-04
   1.2226033e-01   9.8107671e-01   1.8843418e+00   5.4978930e-04
   7.6012392e-02   9.1371748e-01   1.5603898e+00   1.4058097e-03
   1.4812007e-02   9.6512616e-01   1.6560228e+00   1.7499147e-04
   3.8554926e-01   9.6307571e-01   1.9278636e-01   2.1475562e-03
   7.9175296e-02   9.8049487e-01   1.2083988e+00   6.8172813e-04
   1.6410263e-01   1.0211696e+00   1.2253649e-01   8.2789683e-04
   2.9677695e-02   1.0132765e+00   9.5845846e-01   4.8908001e-04
   4.8351618e-02   9.3737638e-01   1.6629459e+00   1.5394516e-04
   2.2377504e-01   9.5974196e-01   4.6117298e-01   2.3735834e-04
   1.5166767e-01   1.2570979e+00   1.1468355e-01   1.1890950e-03
   1.1393056e-02   1.1051285e+00   1.5195357e+00   1.3658983e-03
   7.8355285e-03   1.4015085e+00   6.9231270e-01   4.2323309e-03
   7.4477784e-02   7.3370883e-01   1.4316210e+00   1.2254021e-03
   4.1544046e-01   7.7985542e-01   2.5240628e-01   9.5331944e-04
   1.8430112e-01   9.8548750e-01   3.8091481e-01   1.3285514e-04
   9.1675187e-02   1.1029524e+00   5.0115269e-02   2.2198674e-04
   2.1187517e-02   8.8624668e-01   1.9867517e+00   1.0778018e-05
   1.3292949e-01   9.1894024e-01   1.7903964e+00   9.0354030e-05
   2.4585720e-02   1.2931668e+00   7.9604920e-01   1.0317727e-03
   1.8356919e-01   9.1632210e-01   1.2797520e+00   2.6590155e-04
   3.0848762e-02   7.5894229e-01   7.7613450e-01   9.1402942e-05
   2.3677221e-01   9.3001541e-01   3.1373041e-01   1.1956804e-03
   8.6564748e-02   9.4538888e-01   1.5639844e+00   2.3873435e-04
   6.9835187e-02   1.0183251e+00   3.2957959e-01   7.3523459e-04
   8.8090944e-02   8.6355744e-01   6.4622218e-01   2.2744003e-03
   2.2549740e-01   7.8937956e-01   6.5660237e-01   8.3609385e-04
   2.8202796e-01   8.4064296e-01   1.4644967e+00   5.7409541e-04
   1.9856279e-02   1.0603913e+00   2.7356884e-01   5.6868634e-04
   3.6830654e-02   9.6357806e-01   1.9523630e+00   2.0572204e-05
   8.6642740e-02   1.0732899e+00   9.8621450e-01   1.6976408e-03
   2.9747302e-01   1.0401543e+00   7.6999019e-01   1.6800663e-03
   6.7814515e-02   1.0346886e+00   2.0976083e-01   1.7745354e-03
   8.2207551e-02   8.4477348e-01   2.3281284e-02   1.1622615e-03
   6.9698323e-04   9.3999273e-01   1.0482166e+00   1.1172799e-03
   1.1230620e-01   1.1920922e+00   9.5062127e-01   1.8123665e-04
   4.0746355e-02   8.0385564e-01   1.8776158e+00   1.3167776e-03
   1.2552823e-01   9.1162862e-01   1.6144151e-01   6.5008334e-05
   8.9491285e-04   1.2610249e+00   9.4268694e-02   1.2220242e-05
   1.7096851e-01   9.9883349e-01   6.4536100e-01   8.7913371e-04
   2.5426166e-01   1.0335409e+00   1.0804850e+00   2.4875990e-03
   3.1461158e-02   9.5037819e-01   3.0959931e-01   2.6515512e-04
   1.6186787e-02   8.3803495e-01   4.1619365e-01   9.4908174e-04
   1.1270770e-01   1.0306839e+00   1.4732166e-01   2.7217232e-03
   1.8993032e-01   9.6451833e-01   1.1867647e+00   6.2911315e-04
   1.6823610e-01   1.0874224e+00   1.6409992e-01   6.6932975e-04
   7.6030532e-01   7.4887995e-01   8.3715245e-01   1.5749265e-03
   9.6377821e-02   1.3763378e+00   1.3558281e+00   2.6309151e-03
   2.6734207e-01   9.1773410e-01   1.9314941e+00   1.2976267e-03
   9.5416085e-03   8.4885470e-01   8.1249312e-01   8.0382400e-05
   9.7181517e-02   1.2570212e+00   1.8603968e+00   1.7599027e-04
   1.1986168e-01   9.9001393e-01   1.7870195e+00   6.7316858e-04
   4.3627051e-02   1.2921629e+00   6.1335214e-01   2.8639294e-04
   4.7454250e-02   1.1361492e+00   1.2170020e+00   1.2087508e-06
   1.5723230e-01   1.4041206e+00   1.1851898e+00   4.8339058e-04
   6.4880293e-02   1.0464672e+00   1.7148995e+00   7.5670739e-04
   4.5863970e-02   9.7338309e-01   9.3159573e-01   1.3444943e-03
   3.5424243e-02   8.9166807e-01   1.8027901e+00   2.0690233e-03
   4.2204235e-01   8.9020029e-01   4.7792131e-01   1.1503004e-03
   9.0683396e-02   1.2176775e+00   1.0388711e+00   2.0398438e-03
   2.2036543e-01   1.0175857e+00   1.1611141e-01   7.7174521e-04
   3.4089429e-02   1.0527710e+00   1.4051150e+00   3.6848862e-04
   3.2811523e-02   1.0637898e+00   1.5404735e+00   6.9186600e-05
   1.6317608e-01   1.0480925e+00   3.9114386e-01   6.5979989e-05
   4.2799859e-03   1.3172469e+00   1.4388352e+00   7.2946553e-04
   1.6251790e-01   9.0854745e-01   6.7982905e-01   1.2537996e-03
   1.3334264e-02   8.2345365e-01   7.0966536e-01   1.1990866e-03
   8.8955594e-02   1.0281838e+00   1.6908964e+00   3.4399853e-04
   1.2530545e-01   8.9550726e-01   4.7177420e-01   2.5751337e-03
   2.9125190e-01   1.1697126e+00   1.9424896e+00   1.6143581e-03
   1.2666721e-01   8.4711591e-01   1.8302064e+00   6.1630703e-04
   5.8282703e-02   1.1836099e+00   3.5364408e-01   7.1984244e-04
   1.2708886e-01   7.3916387e-01   1.3650941e+00   5.7752982e-04
   4.7875064e-02   9.9608800e-01   6.6490084e-01   2.3598183e-03
   6.9730258e-02   9.8744715e-01   1.9657123e+00   3.2122272e-03
   1.7608900e-01   1.1521755e+00   4.6218215e-01   5.2600749e-04
   1.6658689e-01   9.3294699e-01   8.3028393e-01   3.6515456e-04
   1.3619008e-01   1.1669134e+00   1.5934257e+00   6.5289924e-04
   5.7695840e-02   8.6159226e-01   7.4347909e-01   5.8787986e-05
   5.9590818e-02   8.7923183e-01   8.1934415e-01   2.3250247e-05
   9.3498252e-02   8.4373110e-01   1.0145121e+00   1.1155212e-04
   1.5645754e-01   9.8280281e-01   2.1702498e-02   6.5102623e-04
   1.5554445e-01   1.1727370e+00   1.2385780e+00   7.5319150e-04
   1.2572627e-03   8.4321460e-01   1.6778466e+00   1.5117646e-03
   4.9317398e-02   1.3456079e+00   8.7229196e-01   1.0726158e-03
   8.7045004e-02   1.0880656e+00   9.3682038e-01   4.4901962e-04
   5.2688828e-02   1.2502508e+00   3.2057047e-01   1.4862796e-03
   1.7420710e-02   7.5773022e-01   1.3517607e+00   5.2580065e-04
   1.6573700e-01   9.8666392e-01   1.8966994e+00   8.0794022e-04
   2.1651954e-01   8.8878003e-01   1.6023652e+00   3.5751885e-04
   1.4835171e-01   9.0800667e-01   1.9198610e+00   3.5653041e-04
   5.2802450e-02   1.1191643e+00   1.0648358e+00   2.4925682e-03
   1.8748879e-01   8.2523847e-01   6.6751387e-01   7.9269278e-04
   4.7029781e-02   7.6980612e-01   1.3952445e+00   1.0429527e-03
   1.0939081e-01   8.7273517e-01   1.8381916e+00   7.6989610e-04
   1.7817875e-02   1.0521263e+00   1.0449355e+00   3.6666148e-05
   3.1326060e-02   1.0326857e+00   1.2741255e+00   3.1591850e-04
   1.5760073e-03   9.9297998e-01   1.1264729e+00   2.4386771e-03
   1.7971077e-02   1.0771856e+00   1.3866611e+00   6.7758694e-04
   1.0396643e-02   1.0435123e+00   1.3441478e+00   1.2445582e-03
   8.5482295e-02   1.0833748e+00   3.0736602e-01   8.8799428e-04
   8.8045772e-02   1.0708874e+00   1.3982500e+00   1.0237144e-04
   1.2359563e-01   7.9813153e-01   1.2294568e+00   4.2295034e-04
   9.9264189e-03   1.2200273e+00   1.3350964e+00   2.2052393e-03
   3.0703899e-01   8.9044692e-01   1.0929028e+00   2.7743735e-03
   1.3234667e-03   1.0706838e+00   8.7851974e-02   1.8244122e-04
   1.1763279e-01   1.1514774e+00   1.6653949e+00   7.3688425e-04
   1.1788104e-01   8.7831912e-01   9.9172443e-01   4.8841085e-05
   5.3810116e-02   9.2577889e-01   5.3170292e-01   2.0895816e-03
   1.4348394e-01   9.1805345e-01   6.8002169e-02   5.3716627e-04
   5.0173739e-02   7.6549777e-01   2.4878672e-01   1.3371040e-03
   1.8270580e-02   1.1374605e+00   2.0188171e-01   9.4349653e-04
   9.2568416e-03   8.0510142e-01   1.3400962e+00   4.6402264e-05
   1.1171798e-01   9.1473963e-01   1.1289399e+00   3.3156567e-04
   1.1347019e-01   7.7231271e-01   1.1041594e+00   2.2367832e-04
   2.4351375e-01   1.1776428e+00   5.0624304e-01   8.5165682e-04
   9.0119984e-02   8.7601808e-01   1.1650796e+00   7.0814673e-04
   5.6704691e-02   1.2072852e+00   1.9671958e+00   2.0498029e-04
   8.7668896e-02   1.1811532e+00   6.6302175e-01   1.6431712e-04
   1.2543063e-02   1.4201232e+00   1.6839531e+00   1.9598603e-04
   1.1043465e-01   1.1409674e+00   4.2399607e-01   1.1664009e-04
   2.2127381e-01   1.0658483e+00   1.0471447e+00   2.3031570e-03
   1.6892385e-01   9.5800657e-01   1.2726970e+00   4.5623491e-04
   4.9783972e-02   7.0279175e-01   2.1175536e-01   3.6288617e-04
   8.6577937e-01   1.0103439e+00   1.7042126e+00   9.9262146e-05
   5.5553637e-01   1.1300177e+00   1.6126810e+00   2.4008521e-04
   3.8193267e-04   8.2365094e-01   1.2511724e-01   8.9619510e-04
   3.5101517e-02   8.1657978e-01   1.6748744e+00   1.6892337e-03
   1.7052978e-02   1.0904374e+00   1.6949869e+00   5.2981750e-04
   1.4248220e-01   1.0293190e+00   1.2159101e+00   7.3980466e-04
   2.0829935e-01   7.2400648e-01   1.0300536e+00   5.8308615e-04
   6.9279058e-02   9.4660940e-01   1.1905803e+00   1.2664128e-03
   1.0140748e-01   7.7149429e-01   1.9925881e-01   1.4851741e-04
   2.1181036e-01   8.6937408e-01   7.4501989e-01   5.0825519e-04
   1.3696486e-01   6.5873457e-01   1.7661626e+00   4.7303259e-04
   2.8615004e-02   1.1318463e+00   1.0896058e-01   1.7796783e-03
   3.3109469e-02   1.2806956e+00   6.1073753e-01   1.2801041e-03
   9.5883903e-02   9.5366681e-01   1.3692520e+00   5.9911914e-05
   6.1290549e-02   1.0525254e+00   7.1061069e-01   6.0734567e-04
   6.4273980e-03   1.0684045e+00   1.2056763e+00   2.5247107e-05
   1.5603196e-01   1.1819018e+00   1.5495502e+00   1.1011668e-03
   1.0421943e-01   9.2548110e-01   1.6617994e+00   3.2734144e-03
   6.9427891e-02   1.0775529e+00   7.0125585e-01   1.7450658e-03
   2.3523956e-01   8.8811277e-01   1.8408265e+00   8.8012759e-04
   2.1353190e-03   9.5229492e-01   1.1985818e+00   1.1451112e-03
   1.1385804e-01   8.6510223e-01   1.0986200e+00   1.1380967e-03
   7.8675899e-02   1.1365077e+00   5.1609154e-01   2.3689557e-03
   2.4757323e-02   9.6879081e-01   5.8387944e-01   2.7145417e-05
   3.8953155e-03   1.1161450e+00   1.1430788e+00   6.8676750e-04
   6.4515392e-02   9.4412738e-01   1.0418990e+00   1.6232022e-03
   2.3773910e-01   1.3136417e+00   2.2957728e-01   1.4537931e-03
   3.6741330e-02   9.4052215e-01   8.8663572e-01   4.1611548e-04
   2.0047183e-02   7.9712208e-01   1.3258868e+00   4.5314345e-04
   8.8134955e-03   9.9484532e-01   5.4744602e-01   4.1505507e-07
   9.5241949e-02   1.1260222e+00   4.8320635e-01   4.8130228e-04
   1.9229514e-02   1.0667609e+00   1.3263519e+00   9.1064427e-04
   4.8691004e-02   8.8683252e-01   1.6149057e+00   8.1834829e-05
   1.2770130e-01   1.2652449e+00   2.4740918e-01   5.0123862e-05
   1.6484376e-02   1.1196507e+00   1.2752630e-02   4.3901231e-04
   4.3178832e-02   9.0939127e-01   2.3599965e-01   3.5045778e-04
   1.1609916e-02   1.0040932e+00   6.1596235e-01   2.5172467e-04
   2.4077575e-01   1.0275198e+00   8.1125218e-01   1.3158143e-03
   4.1053609e-02   8.8944719e-01   1.7883263e+00   6.7383002e-04
   1.8639844e-01   1.0251897e+00   7.0889997e-02   2.9685877e-04
   2.8759048e-02   1.1314327e+00   1.9999792e+00   1.7970969e-04
   6.8368667e-02   9.7629134e-01   8.0445053e-01   3.1692436e-03
   1.9656544e-01   1.0071660e+00   1.5042478e+00   2.2990789e-04
   2.3983744e-01   1.0557512e+00   8.7448728e-01   3.2244469e-03
   6.7707457e-02   9.1979112e-01   1.7374585e+00   6.3609744e-04
   6.1168927e-02   1.2160129e+00   1.4541116e+00   1.1253160e-03
   1.5516528e-01   1.1501612e+00   6.3593271e-01   1.2012464e-03
   2.3255575e-02   1.0288001e+00   1.8296440e+00   5.5018731e-04
   5.1919820e-02   8.0010401e-01   1.4874055e+00   1.4090289e-03
   4.3790908e-02   1.0348017e+00   1.5835474e+00   2.1125658e-04
   7.6708881e-03   8.3932361e-01   7.4164060e-01   1.4345226e-04
   1.8459955e-01   9.7074294e-01   1.7316947e-01   3.1058873e-05
   1.0379255e-01   1.0647392e+00   7.1977453e-01   3.4113405e-04
   9.9275765e-02   8.5924608e-01   8.5039153e-03   3.5918967e-04
   2.0138058e-01   1.1253649e+00   1.7513312e+00   8.7604288e-04
   3.5766497e-02   1.1095999e+00   7.8643431e-01   1.8760398e-04
   1.5856287e-01   1.0360372e+00   3.2773580e-01   4.5306147e-03
   1.1053058e-02   1.2002561e+00   8.6298946e-01   6.4818512e-04
   1.0357653e-01   1.1785606e+00   3.2528025e-01   1.6559447e-04
   1.9170604e-01   1.1508439e+00   1.4842371e-01   5.1701280e-04
   1.1898301e-01   7.8460501e-01   4.6497377e-03   4.7068689e-04
   7.0105917e-02   1.2532924e+00   1.2065175e+00   1.0526267e-03
   2.7123504e-02   9.8650205e-01   2.7838433e-01   1.4180425e-03
   4.1963235e-02   9.1345085e-01   5.8205482e-02   1.5007521e-04
   7.0685012e-02   9.6686745e-01   1.1892507e+00   1.5052983e-03
   9.0861337e-02   1.0867345e+00   9.3835549e-01   3.7816107e-04
   7.3606554e-02   8.3359020e-01   1.8244549e+00   7.8659874e-04
   1.5837773e-01   1.0058167e+00   7.5283703e-01   1.4656257e-03
   1.0202244e-01   1.2223753e+00   5.5044803e-02   1.8540138e-04
   6.0911130e-02   1.0143447e+00   6.7062458e-01   1.2610524e-03
   3.0034122e-02   9.8079764e-01   7.9409637e-01   6.0032598e-04
   1.4152142e-01   9.4244407e-01   1.5501754e+00   4.5185152e-04
   2.1836476e-01   9.7515373e-01   2.6438511e-01   2.8957993e-03
   1.4947401e-02   1.0905972e+00   7.7057399e-01   6.6744972e-05
   1.2405291e-02   1.1906725e+00   3.9741153e-01   1.7255618e-03
   9.1444117e-03   9.9800719e-01   1.6104171e+00   1.0172140e-03
   1.2301966e-01   9.2112975e-01   1.7015393e+00   1.2698806e-03
   1.2873407e-01   9.9435342e-01   1.8001941e+00   4.0665558e-04
   9.0604886e-03   1.1982339e+00   1.3973207e+00   3.7993419e-03
   5.9160483e-04   1.0949555e+00   1.1397168e+00   2.4472387e-03
   4.6866830e-03   1.0885784e+00   8.5252828e-01   2.2123861e-03
   2.5125490e-01   1.1146476e+00   1.1938498e+00   1.2621616e-04
   1.2064623e-01   1.1089650e+00   7.5685986e-01   2.3138214e-03
   5.4458776e-02   1.0031498e+00   9.3479264e-01   3.5203893e-03
   3.2346016e-02   9.3370365e-01   7.2369656e-01   5.0488872e-04
   5.2353605e-02   7.7371101e-01   1.8928440e+00   4.4337510e-04
   1.0331179e-02   8.2245341e-01   1.9380221e+00   2.8312233e-03
   3.8244891e-01   8.5441046e-01   7.9976920e-01   1.6746933e-03
   1.6776547e-02   1.1732361e+00   5.0390325e-01   3.2544193e-04
   5.3933534e-01   9.8884858e-01   1.2199671e+00   1.0274793e-03
   3.6245089e-01   9.2286423e-01   1.7933787e+00   1.2925135e-03
   1.9079178e-01   1.0532685e+00   1.6867877e+00   3.0949542e-04
   2.0343602e-02   1.0612312e+00   1.9409283e-01   4.1097093e-04
   1.2178874e-01   7.2955096e-01   5.1151801e-01   1.2081837e-03
   9.1353034e-02   1.3690477e+00   2.2485227e-01   1.3072397e-03
   3.2892820e-01   8.7636677e-01   1.0250136e+00   3.6789826e-04
   1.3469530e-01   8.8236167e-01   8.3023733e-02   1.6576578e-03
   2.5559861e-01   8.5171129e-01   9.1768727e-01   6.9806779e-04
   9.9052470e-02   1.1969935e+00   9.7959005e-01   3.7889383e-04
   8.0283104e-03   8.6878750e-01   1.9630605e+00   1.1402717e-04
   3.4749387e-02   1.0128186e+00   1.9451928e+00   4.8606397e-03
   8.9278769e-02   9.9669930e-01   5.6914215e-01   9.6939137e-04
   1.7203820e-01   1.1791638e+00   1.2224843e+00   1.1408524e-03
   1.0073671e-01   1.1861439e+00   1.5711760e+00   2.4186972e-04
   5.6453766e-02   1.2024938e+00   5.6082949e-01   1.9701825e-03
   1.0292787e-01   8.1200415e-01   9.4845217e-01   1.8530512e-03
   1.6041005e-01   1.1128898e+00   7.9132248e-01   1.0432721e-04
   7.6320355e-02   7.1428121e-01   1.6809856e+00   3.9883279e-04
   1.6587158e-02   1.1853030e+00   1.7681339e+00   1.0192200e-03
   1.3463098e-02   1.1423163e+00   1.2958154e+00   2.4531614e-04
   4.4565549e-02   8.6687275e-01   1.7609145e+00   1.4356523e-03
   4.5976545e-02   9.5564271e-01   6.5426220e-01   9.8504979e-04
   4.8686048e-03   7.8615878e-01   1.0829184e+00   2.3655034e-04
   9.3319150e-02   8.2111324e-01   2.1301860e-01   5.5667566e-03
   2.1388417e-02   1.0004787e+00   1.6781186e+00   1.2747528e-03
   7.8840230e-02   1.0673231e+00   1.4945899e+00   9.2121753e-05
   3.5854757e-03   8.8292861e-01   1.6555414e+00   1.0610552e-04
   8.3729211e-02   1.0008385e+00   1.0098693e+00   2.2308504e-03
   3.9062814e-02   1.0598600e+00   1.4707581e+00   2.2727726e-03
   2.7731072e-01   1.2101643e+00   6.8152670e-01   2.0964481e-03
   1.0016561e-01   1.1640638e+00   6.2103589e-01   2.5375807e-05
   3.7527551e-02   1.0411331e+00   5.6591215e-01   7.1258314e-04
   1.2831221e-01   1.1327761e+00   2.9624934e-01   7.5828754e-05
   3.9270035e-02   9.7565644e-01   9.1052776e-01   1.0148372e-03
   8.6250988e-02   9.2062914e-01   1.7842925e+00   3.4586732e-03
   4.4148180e-01   8.9105694e-01   8.6198316e-01   1.8688954e-04
   1.9877544e-01   1.0630668e+00   1.7025533e+00   1.7259499e-04
   9.6853566e-02   1.0578094e+00   1.6425643e+00   4.4097300e-04
   1.1145055e-02   7.3612154e-01   1.1701218e+00   5.3613826e-04
   6.6473242e-03   1.0458274e+00   1.1672347e+00   2.7823678e-04
   6.6464692e-02   1.1562807e+00   7.7878256e-01   2.5380793e-04
   5.5123741e-02   1.2081427e+00   1.7260406e+00   1.9607555e-05
   1.2815833e-02   1.0910693e+00   7.2918321e-01   9.7725275e-04
   7.7920192e-02   8.9951844e-01   8.5407723e-01   1.9414663e-03
   1.8130825e-01   1.4600616e+00   1.2374388e+00   2.0559703e-03
   4.0556131e-02   9.2604744e-01   1.5536441e+00   1.7035723e-05
   2.3587767e-02   1.0022572e+00   8.5965844e-01   2.2220336e-03
   4.5286384e-02   1.3233177e+00   4.0944301e-01   5.1148240e-04
   7.3716198e-02   8.9270552e-01   1.9617967e+00   1.9411073e-04
   1.0185897e-02   9.3314246e-01   1.5255244e+00   2.6402842e-03
   1.4233296e-01   7.9321104e-01   1.1159288e+00   1.5912874e-03
   1.4093564e-01   1.1103393e+00   7.7417104e-01   5.1804500e-04
   7.5125714e-02   1.0019428e+00   1.1204335e+00   3.8867775e-04
   1.1855413e-01   8.8721209e-01   2.7096143e-01   3.3452513e-04
   1.0481929e-01   1.2590840e+00   1.5101089e+00   9.7888281e-04
   3.9875766e-02   8.6710950e-01   7.3988338e-01   1.2169344e-04
   8.9503142e-02   1.0868084e+00   9.9647970e-01   1.8340829e-03
   6.7775432e-03   1.1698164e+00   1.2815559e+00   3.2159523e-04
   3.2729630e-02   9.6002986e-01   8.4362516e-01   6.0353514e-04
   8.2539259e-02   1.1307741e+00   2.4469680e-01   1.0342233e-03
   3.1400027e-01   9.9627687e-01   1.3882255e+00   1.3045677e-03
   4.0121973e-03   9.1436360e-01   5.4250327e-01   1.3665525e-04
   8.2282687e-02   1.1458538e+00   1.8661726e+00   3.5350590e-04
   7.9888652e-02   8.8537272e-01   6.2791967e-01   1.3698973e-03
   6.0811934e-02   1.1882619e+00   1.8546505e+00   8.1376605e-04
   1.3673959e-01   8.2026269e-01   1.1741341e+00   3.0411133e-03
   1.3880153e-01   1.1927224e+00   1.6081181e+00   1.5810999e-03
   1.7324065e-01   1.0202338e+00   1.3017673e+00   5.9691651e-04
   2.1337443e-01   9.2370584e-01   4.5582952e-01   2.9608752e-03
   7.2562886e-02   9.9249284e-01   5.5586899e-01   1.3726296e-04
   3.7436827e-02   1.2261287e+00   3.7929090e-01   6.3910953e-04
   6.6684398e-02   1.2065135e+00   1.5977911e+00   9.1242493e-06
   2.4124147e-01   1.0417003e+00   1.6194922e+00   7.1358195e-04
   1.3107914e-02   8.1707778e-01   1.1681822e+00   2.7475144e-03
   1.9536733e-01   1.2303767e+00   8.7771937e-01   2.7596029e-04
   2.5561566e-02   9.2263287e-01   1.7636508e-01   1.3410553e-03
   6.5606360e-02   9.3773365e-01   1.6467128e+00   1.4609212e-03
   1.6505672e-01   9.5830566e-01   4.0538617e-01   2.1228514e-03
   1.3148513e-01   9.5492613e-01   1.0042567e+00   8.5859753e-04
   4.0896614e-02   1.1626379e+00   1.3234140e+00   1.0020123e-03
   2.1121466e-02   9.3206114e-01   1.7949001e-01   5.9418112e-04
   1.5263368e-01   9.9838051e-01   6.8280068e-01   1.9242633e-03
   8.9824086e-02   8.4847629e-01   3.8875591e-01   1.5193723e-03
   2.9877738e-01   1.2101977e+00   8.0237891e-01   8.9212676e-05
   1.3189374e-01   1.0758696e+00   1.2038467e+00   2.6949426e-04
   3.0775336e-02   1.1465969e+00   1.9597948e+00   8.3397998e-04
   1.1744248e-01   1.3003987e+00   5.9612829e-01   2.5898555e-04
   4.9130625e-02   8.4539319e-01   3.5471478e-01   1.5460477e-04
   1.4507632e-01   1.1609333e+00   1.2529642e+00   9.8250020e-04
   1.0264415e-01   1.1946000e+00   6.9653184e-01   1.6640788e-03
   5.7173898e-02   9.1535817e-01   1.5784759e+00   4.9297056e-04
   8.5356388e-03   1.0116962e+00   1.3390191e+00   2.1413571e-04
   1.7164417e-03   9.7893787e-01   4.3973097e-02   8.4769659e-04
   3.0526233e-02   1.2216342e+00   1.7643686e+00   6.9125785e-04
   6.8096423e-02   7.4033698e-01   1.0180694e+00   3.3837482e-04
   1.1576726e-01   1.1336943e+00   3.7560545e-01   1.8513170e-03
   2.8914763e-01   7.2383703e-01   1.3706564e+00   7.1809760e-04
   2.6453876e-02   9.9125253e-01   1.2776090e+00   1.4722238e-03
   4.8274683e-01   8.5585092e-01   1.7121441e+00   1.6285085e-03
   8.5619484e-02   9.2890781e-01   1.8681630e+00   8.5759373e-04
   3.0555200e-01   9.6119630e-01   3.8540607e-01   9.1448660e-04
   3.3735690e-01   1.1237272e+00   7.8496717e-01   3.0206089e-04
   1.1537914e-01   1.1228599e+00   1.4173675e-01   5.5608078e-04
   7.3393048e-02   8.7139614e-01   9.6378712e-01   6.1015262e-05
   2.2382221e-02   7.4702067e-01   2.2686635e-01   1.1558566e-03
   2.2748434e-03   7.6822032e-01   1.5147346e+00   3.8594215e-04
   3.1201484e-02   9.2656918e-01   9.7688082e-02   7.5166684e-04
   9.4194981e-02   9.4773266e-01   5.1991291e-01   3.8774078e-04
   1.6730853e-01   1.1122400e+00   9.2219377e-01   1.3104984e-03
   1.8842963e-02   1.2475296e+00   3.3353401e-01   5.9135252e-04
   4.6376049e-02   1.0972500e+00   6.5106073e-01   5.3233970e-04
   2.0194815e-01   1.0254833e+00   1.0371048e+00   4.3772396e-05
   8.2782971e-02   1.1074450e+00   1.2580226e+00   1.5592435e-04
   5.2482653e-02   9.8733048e-01   1.5295424e+00   8.3043071e-04
   3.5052534e-01   9.9534341e-01   4.5972413e-01   2.7315417e-04
   6.5832449e-02   9.1303689e-01   1.6993005e+00   6.0288717e-04
   2.2482455e-01   9.7396943e-01   3.6896881e-02   1.5297331e-03
   3.7055558e-01   1.1557289e+00   1.2623611e-01   5.0654127e-04
   9.8267216e-02   8.9596406e-01   2.5574500e-01   1.9830339e-03
   5.8127162e-02   9.9030406e-01   1.4192983e+00   4.9740507e-04
   1.5151836e-02   1.0171593e+00   1.4116616e+00   2.9289240e-03
   7.4744219e-02   9.2037383e-01   1.5060412e+00   3.4028834e-04
   2.7457642e-04   8.4235937e-01   1.3921260e+00   1.0888542e-03
   3.1437797e-01   9.4854247e-01   9.1377935e-02   2.6839454e-04
   4.8068048e-02   8.8071718e-01   1.4299453e+00   5.6359189e-05
   3.3949288e-02   1.0190491e+00   2.9247474e-01   2.8508632e-04
   3.1400711e-03   9.0648795e-01   1.5458920e+00   7.6385940e-04
   2.5287039e-01   8.6475874e-01   1.0203684e+00   4.1750131e-04
   1.4533410e-01   9.8348710e-01   3.7363081e-01   3.1275023e-04
   2.1541798e-02   8.8373477e-01   1.9072432e+00   1.0566036e-03
   8.3634259e-03   1.0027325e+00   1.1631018e+00   1.0895595e-04
   3.5006146e-02   8.2856678e-01   1.9769438e+00   3.3161291e-03
   6.4087028e-02   9.7429602e-01   1.3252382e-01   3.9934324e-04
   3.6956420e-01   1.2631141e+00   1.6270349e+00   1.8759255e-03
   2.5353365e-02   1.0719818e+00   1.5338012e+00   6.3797654e-04
   9.4434384e-02   9.9220802e-01   1.4014615e+00   4.7593221e-04
   7.4172351e-03   8.5128473e-01   8.1627473e-01   2.8755137e-03
   2.3421694e-02   9.4725651e-01   1.4430115e+00   1.7966920e-03
   5.7668722e-03   7.9032246e-01   2.0442362e-01   6.4676995e-04
   2.7817375e-02   1.0441140e+00   1.2914286e+00   3.8037745e-04
   1.5507673e-02   9.8948923e-01   3.4415283e-01   1.3871650e-05
   3.3738589e-03   8.5863225e-01   7.1247279e-01   2.6452077e-03
   1.0452892e-01   9.5551914e-01   8.9093861e-01   2.8874336e-05
   4.5987607e-01   1.0799754e+00   5.2663667e-01   2.7910810e-04
   1.8832113e-01   9.5649486e-01   9.9727822e-02   5.2186778e-04
   1.0905217e-02   1.1220102e+00   1.8323049e+00   5.0002745e-04
   1.8575398e-01   1.2145522e+00   9.1929130e-01   1.6310592e-03
   5.4688190e-02   1.0002722e+00   1.2305199e+00   9.1981133e-04
   1.5917811e-02   9.6549906e-01   1.4535358e+00   1.9580200e-03
   1.7832809e-01   8.7675220e-01   1.1796991e+00   1.3488139e-03
   3.2288641e-01   1.0207218e+00   1.0598761e+00   1.5175391e-03
   6.5283323e-02   9.7241308e-01   1.1805151e+00   9.1279548e-04
   3.0433569e-02   8.1378633e-01   1.1161276e+00   6.7007126e-04
   3.1941549e-02   9.4404436e-01   3.8317487e-01   9.4728563e-05
   1.3915532e-01   9.0486392e-01   1.7760472e+00   1.1086217e-03
   1.3516743e-01   9.5061110e-01   1.5313237e+00   8.9109665e-04
   4.3847569e-02   9.9110198e-01   1.4692786e+00   3.6158698e-04
   1.6033288e-01   1.1048439e+00   1.3438733e+00   1.6705153e-04
   2.3162116e-02   9.5334991e-01   2.5825515e-01   1.5962131e-03
   4.6056377e-02   1.2888316e+00   1.5947941e+00   1.6970586e-04
   5.4412578e-02   9.3898933e-01   1.2928641e+00   7.9116591e-04
   6.7274585e-02   9.3948962e-01   1.4214493e+00   2.2927565e-03
   1.0826752e-01   1.1061917e+00   8.0473944e-02   3.2157948e-05
   7.6601894e-02   8.0904890e-01   1.1878435e-01   1.6012683e-03
   2.5024292e-01   8.9768780e-01   1.7949601e+00   1.1280140e-03
   6.9803714e-03   9.1614276e-01   9.6781226e-01   3.1941453e-04
   2.3857253e-02   1.3569001e+00   7.6345785e-01   3.2505643e-03
   3.2579096e-01   9.7600343e-01   6.0784260e-01   3.9575633e-04
   3.6040223e-01   1.0412295e+00   2.9993079e-01   1.6339218e-04
   1.0718847e-01   1.2450911e+00   1.5275554e+00   1.6361186e-03
   7.4314267e-02   1.0486303e+00   1.5900708e+00   2.9473970e-03
   5.1202763e-02   1.0580994e+00   4.7541495e-01   1.6486681e-03
   1.5313684e-01   9.7889104e-01   1.7550747e+00   6.8772850e-04
   5.6968888e-02   1.0389880e+00   7.6463897e-01   3.5506383e-04
