0.0101043, 1.00869, 0.394035, 0.000247129
0.0598763, 1.12639, 0.654234, 0.00108553
0.0566205, 0.909351, 0.464576, 0.00122294
0.00263582, 0.90163, 0.449334, 0.00159133
0.195667, 0.8417, 0.669226, 0.000114512
0.0324221, 1.0171, 0.411817, 0.000705036
0.0522383, 0.948644, 0.653383, 0.000258516
0.255789, 0.917089, 0.355303, 0.00207487
0.314355, 0.860545, 0.861473, 0.00217734
0.0302773, 1.13928, 0.4223, 0.000791356
0.0331053, 1.07623, 0.669182, 0.000164094
0.189612, 1.09972, 0.445968, 0.000384649
0.00486517, 0.96701, 0.26708, 0.000185068
0.0444367, 0.909773, 0.721039, 0.000472951
0.0435866, 1.03948, 0.329147, 0.00115904
0.0504552, 0.850979, 0.189998, 0.00315992
0.0160317, 0.791494, 0.204614, 0.000696282
0.0607863, 0.990445, 0.511415, 0.000450329
0.0431835, 0.970029, 0.20328, 0.000449524
0.0472473, 0.827588, 0.83842, 0.000191374
0.0104639, 0.819024, 0.915161, 0.000180927
0.00738659, 0.890923, 0.460182, 0.000777428
0.0442069, 1.19619, 0.241728, 0.000682479
0.243048, 1.06718, 0.439778, 0.000284049
0.00616504, 0.874633, 0.946063, 0.00154765
0.153419, 0.875355, 0.110339, 0.00371972
0.117032, 0.814436, 0.192755, 1.66339e-05
0.0421593, 1.01669, 0.808123, 1.45643e-05
0.00110881, 1.21642, 0.923604, 3.60145e-05
0.132083, 0.899568, 0.771824, 0.000781648
0.122422, 0.938766, 0.506805, 0.000771087
0.0421576, 0.680121, 0.58543, 0.000297669
0.109496, 1.14648, 0.746719, 0.000691229
0.0203001, 0.983502, 0.413277, 0.000874665
0.0672813, 0.89756, 0.077608, 0.000489491
0.321889, 1.24731, 0.0151809, 0.000181895
0.195137, 0.97419, 0.312995, 0.00420466
0.0108052, 0.864187, 0.172997, 0.000611742
0.0246512, 0.953878, 0.735519, 0.00046798
0.0251249, 1.07792, 0.69877, 0.000130394
0.048054, 1.044, 0.493152, 0.00226434
0.0352193, 0.883814, 0.255667, 0.000628321
0.226981, 1.173, 0.542198, 0.000717721
0.0612017, 0.930379, 0.533015, 0.00141847
0.0109357, 1.01673, 0.984612, 0.000442236
0.000658545, 0.780299, 0.128591, 0.000529962
0.15253, 0.903647, 0.857525, 0.00158955
0.0241248, 0.862467, 0.28626, 0.000686918
0.178971, 0.974933, 0.539528, 0.00137351
0.0867374, 1.01155, 0.153506, 0.00206033
0.253739, 1.00134, 0.662819, 0.00102128
0.159062, 1.04418, 0.901481, 0.00113898
0.101688, 0.994726, 0.0208633, 0.00203227
0.384093, 0.867267, 0.767315, 0.000831036
0.12015, 0.749001, 0.664459, 7.21143e-05
0.0154566, 1.27844, 0.26011, 0.000682512
0.0245093, 0.813638, 0.131466, 0.000173152
0.128474, 1.11107, 0.106482, 2.48676e-05
0.0102547, 1.08937, 0.669381, 0.000997917
0.089015, 0.84616, 0.380191, 0.00242711
0.546469, 1.18291, 0.259452, 0.00188868
0.0674753, 1.00871, 0.357278, 0.000267185
0.37135, 0.812464, 0.243807, 0.000657193
0.137114, 1.0224, 0.0370941, 0.00151968
0.0237034, 0.93793, 0.116129, 0.00267392
0.113653, 0.979376, 0.424656, 0.000162794
0.155301, 0.771376, 0.579889, 0.00187989
0.0940272, 0.942125, 0.413458, 3.27778e-05
0.16113, 0.843637, 0.722666, 0.000596616
0.132734, 1.07141, 0.143695, 0.000581851
0.0172272, 0.983743, 0.0758637, 0.0013294
0.18457, 0.932541, 0.373819, 0.00160499
0.0269606, 1.138, 0.510213, 0.000501079
0.143067, 1.0605, 0.0476389, 0.00147014
0.168606, 1.01992, 0.242886, 0.000685129
0.226021, 0.751921, 0.692858, 0.000602783
0.115925, 1.28016, 0.196652, 0.00041576
0.0685181, 1.15527, 0.246004, 0.000603978
0.0241924, 1.04762, 0.759872, 0.0017399
0.125046, 1.20067, 0.85394, 0.000400383
0.044694, 1.07665, 0.206995, 0.000215561
0.0469032, 0.960353, 0.493497, 0.00174182
0.0372922, 0.727125, 0.708307, 0.00144577
0.163449, 0.936213, 0.964879, 0.000815929
0.0156647, 1.01567, 0.952733, 0.00503095
0.0328277, 0.887756, 0.209329, 0.000115849
0.0848001, 0.831724, 0.759685, 0.000128324
0.138812, 1.00409, 0.246668, 2.95891e-05
0.0127397, 1.02066, 0.630397, 0.00106287
0.00231359, 0.753327, 0.654519, 0.00175739
0.0142989, 1.00459, 0.186229, 0.000503675
0.0157299, 1.26629, 0.307649, 0.00204774
0.0301387, 0.999095, 0.0737464, 3.64681e-05
0.0899514, 1.06333, 0.310573, 0.000969379
0.0218326, 0.946823, 0.473597, 0.00261358
0.0478021, 1.06876, 0.832568, 0.0016042
0.0276956, 0.968074, 0.740655, 0.000438582
0.0376437, 0.828162, 0.177849, 0.00202727
0.0135413, 0.792066, 0.351913, 0.000344592
0.0548503, 0.981061, 0.369519, 0.000804185
0.405621, 0.830987, 0.0444907, 3.34473e-05
0.0531475, 0.913675, 0.855341, 0.00138733
0.0533391, 1.0158, 0.384248, 7.61434e-06
0.0172298, 0.708978, 0.0919531, 0.000163529
0.0538404, 0.850299, 0.0272624, 8.7212e-05
0.0959974, 0.852596, 0.784169, 0.00104513
0.0517253, 0.739169, 0.422437, 0.000703196
0.0782284, 0.721785, 0.0863463, 0.000723728
0.157779, 1.09812, 0.203143, 0.0015813
0.0123987, 1.12781, 0.351122, 0.000206742
0.0818222, 1.1601, 0.83706, 0.000243991
0.0616772, 0.88079, 0.916567, 0.000218537
0.181943, 0.914963, 0.708756, 0.000308947
0.0677201, 1.46828, 0.857348, 0.000137984
0.0861821, 0.900227, 0.174191, 0.000302779
0.0855291, 1.02596, 0.259291, 0.00243586
0.0569278, 1.01164, 0.918235, 0.000920839
0.00733557, 0.938067, 0.242248, 0.000654903
0.133268, 1.07138, 0.171001, 5.0263e-05
0.12002, 1.0675, 0.707224, 0.00180915
0.100704, 1.02047, 0.177017, 0.000527709
0.436522, 0.910537, 0.67902, 0.00178427
0.00221287, 1.04437, 0.348761, 0.000974699
0.17001, 1.14357, 0.439209, 0.00256037
0.0736489, 0.778284, 0.723237, 0.00149444
0.170835, 0.964352, 0.870396, 0.00140715
0.00215925, 1.25452, 0.259504, 0.00082054
0.12213, 0.652642, 0.670202, 0.000653773
0.047542, 1.02881, 0.677517, 0.000288251
0.0094334, 1.09715, 0.706627, 0.000379364
0.0661683, 1.04483, 0.705247, 0.000635654
0.0188185, 0.95828, 0.0287538, 0.000770344
0.0248601, 0.873039, 0.501557, 0.000190406
0.0106433, 0.891177, 0.102998, 0.000164433
0.0442848, 0.963074, 0.648128, 0.000241574
0.101396, 0.834821, 0.992077, 2.01319e-06
0.0626654, 0.936453, 0.236098, 0.00397711
0.0612212, 1.16919, 0.997601, 0.000378227
0.0322339, 0.871753, 0.610122, 0.00138328
0.0498533, 1.04737, 0.675861, 0.000115008
0.34286, 0.972605, 0.826196, 0.000200783
0.122991, 0.92508, 0.038578, 0.00029824
0.0971542, 0.860057, 0.309767, 0.00153128
0.00727204, 1.01122, 0.364245, 0.000126283
0.0138869, 1.25351, 0.496281, 0.000108648
0.121209, 1.11858, 0.627572, 0.000362894
0.157922, 1.11125, 0.186704, 0.00082582
0.0520372, 0.83177, 0.119284, 0.0011258
0.327935, 1.0347, 0.109614, 0.000163496
0.0841852, 1.06975, 0.150164, 0.000645767
0.316265, 1.05106, 0.450424, 0.000773019
0.332, 0.939067, 0.723078, 0.00181167
0.0696601, 0.62002, 0.883427, 0.000297534
0.0198271, 1.16173, 0.470239, 0.000261322
0.139141, 0.926952, 0.693755, 8.3824e-05
0.170974, 1.03037, 0.000125248, 0.000532153
0.0465135, 0.825993, 0.413528, 0.000102943
0.021984, 0.975006, 0.57355, 0.000680471
0.00842349, 0.99616, 0.482787, 0.000184442
0.00326643, 1.14253, 0.36558, 0.0013893
0.0268658, 0.725572, 0.41793, 0.0012903
0.0387825, 1.37974, 0.971151, 0.000879517
0.125423, 0.810506, 0.563552, 0.000636594
0.373037, 0.736064, 0.133906, 0.000410125
0.124127, 0.919452, 0.714418, 0.000205499
0.148387, 0.856436, 0.624199, 0.000860819
0.095658, 1.08609, 0.769625, 0.000593233
0.0662291, 1.01417, 0.572706, 0.0046285
0.269252, 1.16747, 0.356641, 0.00172867
0.0648824, 0.82588, 0.798916, 0.000704906
0.0126625, 0.922594, 0.219348, 0.00136654
0.0827747, 1.25411, 0.544902, 0.000322656
0.0726259, 1.03469, 0.694501, 0.000562394
0.270224, 1.03151, 0.264765, 0.00108635
0.233913, 1.00586, 0.102255, 0.000834163
0.226371, 1.20932, 0.439655, 0.000607216
0.0226013, 1.012, 0.0762232, 0.00398122
0.0332163, 1.27137, 0.46914, 0.000922613
0.160475, 0.940368, 0.439674, 0.00168005
0.0387071, 0.87984, 0.797669, 0.000925835
0.136971, 0.882696, 0.629934, 0.00476121
0.0361174, 0.912954, 0.851608, 0.000235684
0.117771, 1.01133, 0.0990731, 0.000208098
0.0410491, 0.925516, 0.575068, 0.000975842
0.173024, 1.13553, 0.222068, 0.000308893
0.0754067, 0.705612, 0.294026, 0.00132816
0.309387, 0.830891, 0.583133, 0.00141605
0.178942, 1.04114, 0.712004, 0.00207227
0.0395421, 0.769366, 0.0160396, 0.000609685
0.0380864, 1.04194, 0.474387, 0.00128753
0.344943, 1.19372, 0.756141, 0.00126923
0.0384454, 1.11362, 0.783177, 0.00194606
0.0495259, 1.19681, 0.930621, 0.000231233
0.0387292, 0.904743, 0.0239649, 0.00240325
0.117544, 1.15239, 0.0944911, 0.000748896
0.00309521, 1.16214, 0.274836, 0.000477582
0.00725317, 0.784464, 0.954898, 0.000717359
0.0253144, 0.959303, 0.762104, 0.000451504
0.313955, 1.13706, 0.363537, 0.000141095
0.0357595, 1.21795, 0.519568, 0.00238602
0.237581, 1.05801, 0.00196798, 0.000418642
0.0842184, 0.93429, 0.79029, 0.00267778
0.0219317, 1.03278, 0.998412, 0.00130622
0.115526, 0.793077, 0.765154, 0.00205853
0.0289008, 0.79346, 0.690321, 0.00273924
0.113127, 1.06427, 0.486513, 0.00133217
0.196958, 1.03569, 0.814007, 0.000341916
0.0876428, 1.2096, 0.182387, 0.00118249
0.0289887, 0.828228, 0.814892, 0.001102
0.018124, 1.27826, 0.472006, 0.000221498
0.0374049, 0.94746, 0.942024, 0.00176317
0.223874, 0.794277, 0.515787, 0.00106053
0.0252233, 0.846908, 0.242708, 0.00173143
0.0445322, 1.14119, 0.716252, 0.00252692
0.0668054, 1.04516, 0.0893689, 0.000133841
0.0904919, 1.18218, 0.468286, 0.000543469
0.345037, 1.01673, 0.630291, 0.000118903
0.00950526, 0.828715, 0.797326, 0.001532
0.22377, 0.838452, 0.0428319, 0.000782005
0.174217, 0.83891, 0.584182, 0.00102654
0.161412, 0.942587, 0.213378, 0.000282366
0.101831, 0.92892, 0.024728, 0.000916518
0.032688, 0.926937, 0.742925, 0.000830106
0.11339, 0.915067, 0.475266, 0.00393143
0.00035106, 1.19927, 0.057032, 0.000779176
0.0149213, 1.08048, 0.6423, 0.000593875
0.0390305, 1.07301, 0.293284, 0.00325752
0.0560835, 1.08304, 0.515353, 0.00015492
0.0413314, 0.873521, 0.394738, 0.00408569
0.21331, 0.998603, 0.139773, 0.000397983
0.0660786, 1.1863, 0.367382, 0.000905802
0.229594, 0.893191, 0.0934466, 0.00198068
0.289484, 0.827862, 0.615431, 0.000153147
0.134876, 0.664367, 0.20403, 9.77254e-05
0.0698805, 0.933831, 0.572307, 0.00178027
0.0620885, 1.04003, 0.923561, 0.000384703
0.162163, 0.939189, 0.953582, 0.000340234
0.0778422, 0.862184, 0.50829, 0.000766684
0.0481076, 1.01798, 0.602609, 0.00112477
0.0793574, 0.950283, 0.995055, 6.09959e-05
0.119375, 1.03298, 0.252352, 0.000196284
0.0625909, 0.857469, 0.0687294, 0.00120143
0.161754, 0.89671, 0.395821, 0.000447494
0.0568395, 1.38068, 0.265109, 0.00023639
0.142231, 0.8979, 0.59577, 0.00231543
0.0888926, 1.07016, 0.329203, 0.00433569
0.0741543, 1.14877, 0.683161, 0.00172988
0.174309, 0.987995, 0.407344, 1.50026e-05
0.0150535, 1.0043, 0.211632, 0.00162178
0.0648597, 0.877276, 0.68923, 0.0018341
0.0351665, 1.06051, 0.631246, 0.00152147
0.034119, 1.1641, 0.227954, 0.000317338
0.130639, 0.818492, 0.715273, 0.00169343
0.0821234, 0.848577, 0.891126, 0.00117485
0.038961, 0.907484, 0.106037, 0.00132573
0.557842, 0.829936, 0.686504, 0.00224019
0.0935911, 1.27028, 0.357931, 0.00390721
0.506643, 1.25011, 0.406661, 0.000896
0.00449028, 0.865012, 0.667739, 0.00185693
0.0274688, 0.94487, 0.56998, 0.000622107
0.143893, 1.00322, 0.865907, 0.00103767
0.0517973, 1.00137, 0.601438, 0.00300776
0.201104, 0.999954, 0.694056, 0.00302526
0.402262, 1.25898, 0.118913, 3.10344e-05
0.314196, 0.817059, 0.8417, 0.0012703
0.0748213, 0.865583, 0.915455, 0.000161837
0.0576125, 1.15045, 0.686015, 0.00191702
0.39657, 1.2234, 0.855032, 0.00280658
0.139887, 0.994557, 0.252391, 0.000515802
0.0774921, 0.88283, 0.814117, 0.000381312
0.00532198, 0.837025, 0.38811, 0.00262501
0.0261622, 0.759132, 0.00250921, 0.00114223
0.0653178, 1.18772, 0.192234, 3.50499e-05
0.0706486, 0.842055, 0.862131, 0.00132286
0.0571558, 0.981267, 0.90864, 0.00323753
0.216345, 0.980796, 0.504496, 0.0010304
0.013406, 0.872588, 0.36806, 0.000230831
0.13479, 1.09796, 0.394476, 0.000541035
0.091525, 0.93796, 0.301789, 0.000114875
0.00284302, 1.03625, 0.0385494, 0.00112857
0.0143316, 1.0689, 0.264695, 0.000306129
0.164916, 1.2469, 0.562871, 3.18433e-06
0.103657, 0.916888, 0.133624, 3.76099e-05
0.0267546, 1.09685, 0.257196, 0.00328173
0.00773535, 0.794444, 0.252341, 0.00435304
0.0545874, 1.26096, 0.676416, 0.000200828
0.0780119, 1.11436, 0.0707035, 0.000204221
0.0633903, 0.937193, 0.802489, 0.00083038
0.187767, 0.984678, 0.599896, 0.000834527
0.0330439, 1.06138, 0.0526896, 0.00162968
0.13567, 0.896888, 0.510253, 0.000985876
0.0989836, 0.854464, 0.0678764, 0.00308017
0.28615, 0.764578, 0.537615, 4.28858e-06
0.0329655, 0.850097, 0.662728, 0.00119544
0.171492, 0.936904, 0.138309, 8.92893e-05
0.0466499, 0.914252, 0.62553, 0.00156217
0.0775766, 1.14103, 0.80526, 0.00018488
0.204086, 0.958181, 0.221245, 9.76911e-05
0.00172395, 0.971986, 0.373199, 0.000312345
0.10607, 0.823858, 0.0923518, 0.000796181
0.185146, 0.83498, 0.845528, 0.00025126
0.107779, 0.859509, 0.0135397, 0.00217789
0.194683, 1.26795, 0.556434, 0.000868859
0.0457371, 0.778794, 0.338647, 0.00353735
0.0914364, 1.08607, 0.164866, 0.00170891
0.447911, 1.02126, 0.28319, 0.00064807
0.0203515, 1.20878, 0.792142, 0.000195475
0.0695009, 0.918595, 0.49384, 0.00160357
0.0566872, 0.970138, 0.620334, 0.000992553
0.0196184, 0.886511, 0.263502, 0.000298853
0.0258592, 0.977754, 0.33214, 0.000514617
0.276647, 0.863367, 0.194981, 0.000880741
0.0539643, 0.955691, 0.916129, 2.14749e-05
0.0118192, 0.963717, 0.20255, 0.000304777
0.358801, 1.17204, 0.883075, 0.00112145
0.0862037, 0.905181, 0.938074, 0.00182163
0.0439537, 1.03198, 0.565992, 4.74981e-06
0.183251, 1.13591, 0.0802778, 0.000301307
0.0415403, 0.954385, 0.53425, 0.000226485
0.0582024, 1.10337, 0.180729, 0.000282637
0.192636, 1.18056, 0.125736, 0.000175678
0.0479071, 0.732266, 0.109073, 0.00139875
0.0319155, 0.782732, 0.0367749, 0.00111448
0.313271, 0.892161, 0.00534689, 0.00168869
0.155094, 0.955965, 0.843092, 0.00048022
0.2241, 0.653438, 0.346111, 0.000352151
0.040266, 0.818674, 0.2539, 8.02637e-05
0.0902585, 0.811799, 0.878539, 0.000112668
0.0465345, 0.91772, 0.107571, 0.0012528
0.0899984, 0.994696, 0.0369924, 0.000172851
0.116973, 0.995954, 0.930553, 0.000331517
0.113952, 0.664214, 0.911178, 6.76458e-05
0.276989, 0.886611, 0.373935, 0.00163506
0.00809547, 0.964278, 0.842697, 0.00165101
0.0555758, 0.873756, 0.781962, 0.000313004
0.0303944, 0.879046, 0.356939, 0.00280865
0.0256372, 1.2581, 0.449201, 0.000951957
0.319606, 0.978071, 0.711732, 0.000738968
0.00506654, 1.08769, 0.666825, 0.000119842
0.0787047, 0.971278, 0.345574, 0.000141537
0.128111, 0.888958, 0.75299, 0.000882423
0.038706, 0.957922, 0.562798, 0.000740183
0.0427761, 0.971914, 0.781785, 0.0019929
0.03509, 0.790751, 0.701266, 0.00169016
0.000320599, 0.962145, 0.0439458, 0.000266669
0.00295393, 0.968665, 0.0524533, 0.000365332
0.142418, 0.918281, 0.255915, 0.000733519
0.102604, 0.99048, 0.93539, 0.000840813
0.14869, 0.772797, 0.899436, 0.000635321
0.0687167, 1.37948, 0.149596, 0.00278078
0.0332497, 1.22867, 0.991228, 0.000184426
0.169853, 1.06159, 0.879338, 0.00166696
0.165972, 0.960859, 0.261203, 0.000252539
0.555943, 0.939656, 0.569947, 0.000347539
0.474613, 0.911933, 0.467484, 0.000124662
0.160805, 1.03519, 0.576231, 0.00145447
0.189006, 1.08255, 0.592015, 0.000410103
0.153132, 0.852386, 0.183658, 0.000983109
0.0134316, 1.31776, 0.0461962, 0.000222141
0.216953, 1.16165, 0.753469, 0.00126381
0.0167542, 1.33223, 0.0778447, 6.93155e-05
0.00833809, 1.52983, 0.532662, 0.000581201
0.100124, 0.908219, 0.936522, 0.000319664
0.116531, 0.936004, 0.0352256, 4.79797e-05
0.178557, 0.925241, 0.00411927, 0.00336263
0.236991, 1.26724, 0.504373, 0.000135958
0.00840989, 0.91787, 0.128116, 0.00289453
0.0375045, 0.913505, 0.888664, 0.00110816
0.0275537, 0.948576, 0.164262, 0.000495886
0.0900285, 0.966576, 0.293757, 0.00151202
0.0121186, 1.00028, 0.105786, 0.00496141
0.203896, 0.984453, 0.217736, 0.00108601
0.170148, 1.15729, 0.277662, 0.000432521
0.108193, 0.781047, 0.543384, 6.27073e-05
0.133336, 1.0571, 0.133806, 0.000744265
0.0573101, 1.16944, 0.651723, 0.00175688
0.018975, 0.960264, 0.0584321, 0.000643025
0.131105, 1.20588, 0.970743, 0.0008455
0.130688, 1.11682, 0.603937, 0.000813026
0.266625, 0.952965, 0.202405, 0.000895559
0.108343, 0.883416, 0.530704, 0.000575332
0.0191818, 0.990526, 0.173261, 0.00311264
0.0691912, 1.38093, 0.759728, 0.00173395
0.142748, 1.08599, 0.234651, 0.000450781
0.0888187, 1.03296, 0.717202, 0.000496962
0.0609743, 0.875375, 0.491499, 0.000364098
0.0214142, 1.03524, 0.878578, 0.000947468
0.0629057, 0.772559, 0.102769, 0.00142024
0.00971359, 1.05965, 0.326378, 0.000415148
0.00746437, 1.03971, 0.0133954, 0.00136075
0.193818, 1.00837, 0.45231, 1.0629e-05
0.0845983, 0.976469, 0.958209, 0.000727682
0.0403882, 1.01592, 0.430328, 0.000151032
0.0340515, 1.00606, 0.410074, 0.000129907
0.0561596, 0.754753, 0.955016, 9.75245e-05
0.0747688, 1.09619, 0.48614, 0.000182045
0.0220101, 0.893217, 0.477101, 0.00057182
0.0271795, 1.06711, 0.351644, 0.00351387
0.0363548, 1.31142, 0.443758, 0.000602629
0.2546, 1.08231, 0.549239, 0.0016362
0.221889, 1.03025, 0.854525, 0.000690033
0.0846697, 1.02045, 0.359458, 0.000598617
0.02203, 0.781188, 0.457124, 0.000448541
0.0215472, 0.990949, 0.671435, 0.00189092
0.240342, 1.00816, 0.10181, 0.000793428
0.140012, 1.09384, 0.167306, 0.00465296
0.0108588, 1.14652, 0.0265895, 0.000417279
0.236107, 0.902406, 0.0802452, 0.000284528
0.0842049, 0.929928, 0.704999, 0.00139284
0.0365134, 0.908918, 0.558314, 0.00232492
0.14442, 0.94919, 0.290078, 0.000239399
0.111073, 0.924557, 0.228816, 0.000446879
0.055721, 0.832302, 0.327321, 0.000289951
0.288151, 1.03218, 0.127978, 1.45171e-05
0.0549496, 1.09292, 0.118242, 0.00146993
0.0257764, 1.12406, 0.151397, 0.0016451
0.0503326, 0.926106, 0.415223, 0.00105113
0.253434, 0.819335, 0.639261, 0.000973676
0.0153251, 0.969092, 0.128079, 0.00200665
0.03723, 1.19321, 0.370764, 0.00123908
0.0439638, 0.902334, 0.268697, 0.00122643
0.0423775, 1.01881, 0.634679, 0.000228953
0.159344, 0.691321, 0.428953, 4.41555e-06
0.0850236, 1.00531, 0.432798, 0.00264364
0.0773994, 1.07003, 0.211622, 0.000958643
0.0686942, 1.07379, 0.743888, 0.000123831
0.0411881, 0.802184, 0.187189, 0.000410459
0.258197, 0.994222, 0.51014, 0.000643364
0.204804, 0.915944, 0.0619661, 0.00108197
0.00183563, 1.09423, 0.792258, 0.0001309
0.404874, 1.00478, 0.294651, 0.000278605
0.14752, 1.24452, 0.958841, 0.00117394
0.013637, 1.30941, 0.722653, 0.0014044
0.132665, 0.89679, 0.48114, 0.00144765
0.0917672, 1.16097, 0.13693, 0.000453982
0.0481801, 1.03204, 0.633633, 0.000813979
0.0581153, 1.17517, 0.695683, 0.00123412
0.0201465, 0.974708, 0.81183, 0.000654115
0.287239, 0.813585, 0.0516821, 0.00129
0.159297, 1.05421, 0.332045, 0.00159572
0.0847657, 1.16239, 0.143895, 0.00734713
0.0656582, 1.2097, 0.532157, 0.000222259
0.0225235, 1.09975, 0.612726, 0.00136101
0.0956082, 0.957335, 0.68427, 0.000981903
0.014749, 1.2716, 0.0909771, 0.000890097
0.0371609, 1.05339, 0.547566, 0.00104517
0.00207355, 0.774035, 0.262662, 0.00118305
0.038224, 1.05839, 0.0975716, 0.000909335
0.190286, 0.982028, 0.189353, 0.000292463
0.0225908, 1.2597, 0.408755, 0.00441306
0.122054, 1.02844, 0.759635, 0.000667893
0.119771, 1.07357, 0.218706, 0.000235878
0.0256021, 1.11385, 0.759138, 0.0019654
0.248173, 1.16211, 0.971577, 1.39052e-05
0.0679645, 0.908455, 0.398754, 0.000512673
0.0149572, 1.17073, 0.180798, 0.00100063
0.0609748, 1.20085, 0.309287, 0.00071237
0.0601295, 1.21325, 0.155804, 0.00325516
0.0590072, 0.811122, 0.7826, 0.00241704
0.0273582, 0.967306, 0.495787, 0.00189223
0.0774288, 0.970486, 0.578124, 0.000720065
0.10064, 1.03224, 0.793285, 0.000536813
0.16752, 0.870871, 0.803425, 0.000340603
0.0986711, 0.813674, 0.803129, 0.000182625
0.00371918, 1.02387, 0.281052, 0.000749654
0.0958989, 1.02203, 0.405338, 0.00107597
0.146153, 0.924497, 0.967312, 0.000497788
0.0236738, 1.07538, 0.324808, 0.00019314
0.0400378, 0.988382, 0.690224, 0.00106699
0.0888999, 1.13593, 0.7072, 0.000715763
0.0500252, 1.22996, 0.99542, 0.00168096
0.0223629, 0.784417, 0.197753, 0.00113205
0.203324, 0.958544, 0.206854, 0.000872573
0.137353, 0.842797, 0.0545673, 6.26713e-06
0.0434483, 0.945429, 0.176619, 0.00275475
0.0332406, 0.774299, 0.484851, 0.000152883
0.0314535, 0.834525, 0.817709, 0.000534574
0.372447, 0.92061, 0.631316, 0.00360491
0.0344326, 1.17496, 0.195841, 0.000645029
0.085656, 1.13719, 0.700261, 0.000174645
0.0496602, 0.967717, 0.858763, 0.00301797
0.0468931, 0.996998, 0.697769, 0.00104584
0.262545, 0.927155, 0.940393, 0.00023398
0.000377469, 0.952132, 0.740449, 0.000839941
0.0210617, 1.3755, 0.59324, 0.00143524
0.270281, 0.871422, 0.320568, 0.000871505
0.145206, 0.998549, 0.032425, 0.000316837
0.0371848, 0.673957, 0.10136, 0.00177725
0.00657851, 0.98741, 0.655554, 0.00106661
0.100129, 1.07006, 0.53906, 0.000459278
0.0494441, 0.751344, 0.155829, 0.000476543
0.157912, 1.07617, 0.754452, 0.0012993
0.0438216, 1.07245, 0.822203, 0.00151437
0.172887, 0.775952, 0.124983, 0.00231378
0.023496, 1.09895, 0.525417, 8.81861e-05
0.0336091, 0.868483, 0.421313, 0.00102432
0.103144, 0.976802, 0.920139, 0.00408344
0.0539464, 1.20517, 0.308766, 0.000722092
0.0217663, 1.34486, 0.314601, 0.000883358
0.13401, 0.774592, 0.133842, 0.000316439
0.101163, 0.96596, 0.12693, 0.00296474
0.0177479, 0.936109, 0.031979, 0.000182239
0.331329, 0.886342, 0.763958, 9.89824e-05
0.276051, 1.16191, 0.700463, 0.00062057
0.0409192, 0.881497, 0.832943, 0.00116202
0.00675351, 1.28349, 0.659878, 0.00122519
0.0474222, 1.32115, 0.493752, 5.97427e-05
0.118145, 0.934086, 0.610722, 0.00101271
0.0597871, 0.791257, 0.636298, 0.000129757
0.0373435, 0.940599, 0.721612, 0.000327366
0.005966, 0.908858, 0.431652, 0.000297952
0.0704022, 0.814687, 0.372086, 0.000196582
0.37187, 1.06088, 0.835754, 0.00079571
0.0467667, 0.977058, 0.825283, 0.000263599
0.00219446, 1.22518, 0.196799, 0.000259825
0.129041, 0.922968, 0.973278, 3.23607e-05
0.102892, 0.870933, 0.179778, 0.000246698
0.0277266, 0.965498, 0.522043, 8.18914e-06
0.151824, 1.16978, 0.81556, 3.28726e-05
0.0593687, 0.750424, 0.324131, 0.000546866
0.0664549, 1.0422, 0.416409, 0.00104196
0.0534055, 0.923804, 0.364855, 0.000812032
0.28383, 1.03026, 0.762731, 0.000164783
0.230529, 0.959685, 0.254689, 0.000278604
0.115684, 1.07251, 0.570076, 0.00104729
0.309267, 1.04925, 0.435598, 0.000766716
0.0316189, 1.07812, 0.778181, 0.00295174
0.0472306, 0.944483, 0.972432, 0.00125488
0.049238, 0.944263, 0.786074, 6.69825e-05
0.00709487, 0.870685, 0.309781, 0.00166142
0.141373, 1.10301, 0.755154, 0.000961868
0.0190533, 0.964053, 0.926078, 0.000188742
0.0945207, 1.25598, 0.268571, 0.0026343
0.138223, 0.952216, 0.772735, 0.00147502
0.0697565, 1.03481, 0.504883, 0.000631838
0.011747, 1.09651, 0.735273, 0.00223847
0.405777, 0.911463, 0.00508782, 0.000453271
0.00314197, 1.06714, 0.2096, 0.00166623
0.0576695, 0.948508, 0.690815, 0.00255776
0.0442561, 1.28338, 0.159904, 0.000238559
0.149082, 1.07041, 0.665665, 0.00169945
0.139687, 1.33057, 0.437664, 0.00216599
0.0341688, 1.03765, 0.514851, 5.70983e-05
0.19961, 1.01016, 0.65781, 0.00295395
0.0367487, 1.10566, 0.759325, 0.00138852
0.141811, 1.35337, 0.994491, 0.00143533
0.0873305, 0.813112, 0.48916, 0.000655934
0.702624, 1.14333, 0.644589, 0.000109686
0.370638, 0.936516, 0.079261, 0.000736769
0.0189438, 0.818878, 0.355128, 0.00402674
0.330718, 0.939134, 0.42511, 0.000536083
0.0286696, 1.21039, 0.785387, 0.000104253
0.0263188, 1.03286, 0.517022, 7.12412e-05
0.120334, 0.887717, 0.590555, 0.00131079
0.0107363, 0.957079, 0.178087, 0.000846261
0.605857, 0.938488, 0.22678, 0.0053307
0.189663, 1.14852, 0.448025, 0.00111924
0.365276, 1.10796, 0.570211, 0.00026193
0.37557, 0.767682, 0.839178, 0.00226253
0.023263, 1.2376, 0.924722, 0.000250613
0.0469865, 0.711447, 0.975119, 0.000667882
0.12892, 1.04126, 0.134568, 0.00207543
0.299266, 1.06496, 0.461823, 0.000631692
0.0235749, 0.940752, 0.214844, 0.00256598
0.13694, 1.17587, 0.87756, 0.0036931
0.315593, 1.06972, 0.457484, 0.00171828
0.0252091, 0.861616, 0.994008, 0.000813903
0.3558, 1.24444, 0.228613, 0.000209818
0.0911523, 0.916397, 0.526466, 2.84867e-05
0.524275, 1.24704, 0.0266658, 0.00161745
0.0901235, 1.00975, 0.041715, 0.000820284
0.231048, 1.02104, 0.497741, 0.000617423
0.0476252, 0.87953, 0.227767, 0.0015637
0.0240612, 1.06564, 0.260423, 3.74301e-05
0.0607413, 1.15404, 0.980424, 0.000117875
0.13436, 0.889357, 0.377153, 0.00219346
0.0790662, 1.07385, 0.524712, 0.00363742
0.0367029, 0.951307, 0.138253, 0.000857688
0.333122, 0.959596, 0.755993, 0.00108547
0.0138696, 1.04632, 0.763955, 0.000218625
0.0694034, 0.812888, 0.968666, 0.00501332
0.00865949, 1.07092, 0.651477, 0.00308693
0.0868462, 0.828769, 0.760336, 0.00120017
0.000921124, 1.12207, 0.15699, 0.00181991
0.205058, 0.861532, 0.303053, 0.000670594
0.0420649, 0.786072, 0.616148, 0.000517292
0.0178545, 1.07104, 0.726989, 0.00202885
0.292893, 0.969119, 0.900263, 0.00133013
0.0794846, 0.979949, 0.795241, 0.000537362
0.0848779, 1.2096, 0.707351, 0.000335993
0.0592197, 0.932259, 0.82323, 0.00226708
0.258733, 1.06326, 0.42886, 0.00177799
0.0483433, 1.21784, 0.0888689, 0.0011085
0.133793, 0.924666, 0.552261, 0.000143863
0.039145, 0.981304, 0.92308, 0.00069877
0.0267653, 1.00986, 0.408631, 0.000552963
0.0886231, 0.825361, 0.372848, 8.87749e-05
0.0602737, 0.799664, 0.180278, 0.00423422
0.138012, 1.00332, 0.215278, 0.00302317
0.0201804, 1.06279, 0.1215, 0.000478133
0.0778799, 1.1146, 0.458883, 0.000565438
0.334207, 0.978734, 0.963731, 0.00070941
0.0427464, 1.02368, 0.261887, 0.00118949
0.0896567, 0.847603, 0.282836, 0.000148975
0.0875087, 1.20694, 0.221798, 0.00111315
0.131382, 1.01742, 0.388441, 0.000153288
0.0016567, 1.13207, 0.842851, 0.000240791
0.203297, 1.17985, 0.755182, 0.00236141
0.00203114, 1.00844, 0.191768, 0.00136751
0.17465, 1.08183, 0.150452, 0.00140862
0.0323871, 0.974693, 0.565779, 0.00133456
0.106595, 1.01293, 0.195694, 1.64812e-06
0.0124302, 0.977132, 0.461235, 0.00150102
0.0306575, 0.729372, 0.666781, 0.00116963
0.0591533, 1.04887, 0.614654, 0.000613987
0.0240984, 1.09564, 0.150383, 0.00172306
0.0383823, 1.0274, 0.863969, 0.00032178
0.261445, 0.802278, 0.73955, 0.00148763
0.122317, 0.861142, 0.0918783, 9.21242e-05
0.159844, 0.864627, 0.112207, 0.000244839
0.107502, 1.0607, 0.896874, 0.000721638
0.281949, 0.979322, 0.405496, 0.000481892
0.0171255, 1.09835, 0.669893, 0.000692123
0.132845, 0.947779, 0.181552, 3.69177e-05
0.0155629, 1.24962, 0.1053, 0.000174432
0.194386, 1.11359, 0.391385, 1.41252e-05
0.183439, 0.942335, 0.775758, 0.00201168
0.062167, 1.19413, 0.137108, 0.00190343
0.108479, 0.884132, 0.985815, 0.00221114
0.273752, 0.964637, 0.0861457, 0.000141546
0.39251, 1.05248, 0.452967, 0.000105088
0.200341, 1.17144, 0.944891, 0.000808505
0.18516, 0.854826, 0.505486, 0.00131468
0.151178, 0.860967, 0.0273521, 0.00161403
0.0274303, 0.880521, 0.591014, 0.00136427
0.0286606, 1.26832, 0.306859, 9.67698e-05
0.0887122, 1.03716, 0.678373, 0.000126326
0.0215697, 0.857935, 0.285305, 0.00150132
0.226412, 0.765845, 0.946861, 0.000290917
0.0393288, 0.977838, 0.43389, 0.00207904
0.138968, 0.978944, 0.111406, 0.00279283
0.287449, 0.907036, 0.929, 0.00112324
0.0223369, 0.958155, 0.5059, 0.00149268
0.0120824, 0.818039, 0.941688, 0.00062091
0.0972068, 1.03552, 0.424558, 0.000473164
0.0728349, 0.590253, 0.532296, 4.45385e-05
0.0151662, 0.923314, 0.139937, 0.000751563
0.135709, 0.866848, 0.443484, 0.00110071
0.0696779, 1.09658, 0.207028, 0.00235161
0.0355414, 1.11738, 0.125865, 0.00116971
0.0621867, 0.797463, 0.0366412, 1.0916e-05
0.0311188, 1.13078, 0.0708917, 0.000308308
0.0243879, 0.951527, 0.145976, 0.000200795
0.125484, 1.17933, 0.920728, 0.000704156
0.0114042, 1.03996, 0.0348006, 0.00021254
0.0564251, 1.19412, 0.869216, 0.00156678
0.0732079, 0.888701, 0.283422, 0.00373309
0.0532729, 0.886259, 0.443287, 0.0015328
0.0263124, 0.942614, 0.444803, 0.000626602
0.0219038, 0.95447, 0.681741, 0.00180395
0.165831, 0.797444, 0.401704, 0.000198809
0.0341998, 1.03947, 0.15247, 0.00115271
0.0105805, 1.11189, 0.0782398, 0.000491667
0.00400684, 0.837766, 0.556835, 0.00118041
0.0925015, 1.08703, 0.588224, 0.000126943
0.0770908, 1.21152, 0.411402, 0.000543943
0.0205389, 0.996542, 0.318327, 0.00101907
0.118856, 1.21061, 0.952861, 0.00168186
0.192363, 0.836759, 0.540601, 0.000133673
0.361709, 1.00686, 0.691155, 0.000177188
0.109715, 0.865199, 0.922802, 3.1988e-05
0.178338, 1.20774, 0.933536, 0.000144659
0.254044, 0.8009, 0.65671, 0.00078038
0.136353, 0.865105, 0.644498, 0.00258063
0.382622, 0.911763, 0.356102, 0.000696982
0.0784539, 0.783973, 0.43095, 0.00140487
0.364447, 1.12189, 0.716992, 0.000455521
0.040987, 0.941659, 0.0493012, 0.000577379
0.00195299, 1.02561, 0.904857, 2.20511e-05
0.0392667, 0.989131, 0.059525, 0.00157294
0.0571081, 1.04231, 0.0808725, 0.00190848
0.0809472, 0.92223, 0.590821, 0.00115515
0.137669, 1.32135, 0.672267, 0.00145487
0.133578, 1.01492, 0.956522, 0.000827517
0.0816657, 0.880027, 0.0668918, 0.000121169
0.0244781, 0.936245, 0.241633, 0.000108496
0.00774254, 0.909636, 0.709323, 0.000634977
0.0807445, 1.05436, 0.144153, 0.000605688
0.0833934, 1.14236, 0.828656, 0.000796623
0.0705578, 0.938177, 0.676546, 0.000230392
0.045172, 1.05158, 0.455106, 0.000971842
0.0993188, 1.21719, 0.54584, 0.000554025
0.161804, 0.946365, 0.10226, 0.00121199
0.0546178, 1.05212, 0.583967, 3.08435e-05
0.0202955, 0.983407, 0.871366, 0.000845391
0.00922871, 1.10748, 0.505677, 0.000186346
0.0562694, 0.796889, 0.307282, 0.000539438
0.22575, 1.10333, 0.348254, 0.00283115
0.0766866, 0.802648, 0.650991, 0.00239033
0.243424, 1.0803, 0.890839, 1.67243e-05
0.0163041, 0.86738, 0.710089, 0.00146582
0.0489836, 1.08479, 0.738894, 0.00133249
0.182387, 1.08903, 0.00130528, 0.00300868
0.0094029, 0.87267, 0.39951, 0.0015276
0.0529533, 0.911227, 0.668614, 0.000293615
0.0892911, 1.31817, 0.784864, 0.000556123
0.0883225, 0.972024, 0.100098, 0.00029345
0.106992, 0.97115, 0.817967, 0.00107827
0.0521754, 0.887425, 0.837988, 0.00120847
0.0652796, 0.867762, 0.311218, 0.00410949
0.100037, 1.3188, 0.859231, 4.3681e-05
0.111297, 0.711185, 0.523112, 0.000108558
0.060531, 1.02504, 0.701475, 0.000194753
0.0157281, 1.20135, 0.504317, 0.00307823
0.0824255, 0.883403, 0.608026, 0.000570592
0.055557, 0.905543, 0.750702, 0.000266435
0.0557921, 0.941957, 0.943091, 0.00458072
0.193625, 0.684592, 0.23681, 0.000285164
0.00604543, 0.973862, 0.725201, 0.00049788
0.110912, 1.08994, 0.0499578, 0.000410224
0.157053, 0.973765, 0.60781, 3.62232e-05
0.128079, 1.22217, 0.0734024, 2.88211e-05
0.0104156, 0.685669, 0.207065, 0.00337146
0.163469, 1.05989, 0.534376, 0.00117137
0.156587, 0.981736, 0.265317, 0.000194598
0.0136837, 1.09519, 0.45444, 0.00134499
0.113648, 1.13337, 0.68257, 0.000466772
0.133918, 1.14901, 0.93219, 0.000438394
0.0481013, 0.962987, 0.881774, 0.000433749
0.0304748, 1.00003, 0.0274295, 0.00235545
0.418758, 0.988713, 0.897248, 0.000796802
0.530782, 0.903488, 0.155157, 0.000915575
0.133891, 1.26999, 0.502588, 4.21468e-05
0.0322894, 1.08165, 0.217005, 0.000229779
0.0669592, 0.899442, 0.110166, 0.000937669
0.177958, 1.32839, 0.892457, 0.00033446
0.0122391, 1.06424, 0.956773, 0.00207585
0.276296, 0.812127, 0.77936, 0.000399754
0.255439, 0.941475, 0.808609, 0.000575329
0.0484078, 1.04457, 0.256884, 0.000182126
0.251016, 0.70025, 0.857166, 7.54661e-05
0.00247034, 0.956093, 0.206724, 0.000683283
0.0251678, 0.925025, 0.784042, 0.00121026
0.189998, 1.07525, 0.861334, 0.00105393
0.0585582, 1.11127, 0.735134, 0.000330021
0.0697444, 0.901538, 0.0324144, 0.000193844
0.0778144, 0.997619, 0.530012, 0.00275587
0.0813895, 0.843946, 0.797059, 0.00106977
0.695837, 1.02924, 0.38849, 0.00159818
0.332286, 1.18439, 0.861799, 0.00303081
0.0908001, 0.932686, 0.600706, 0.000893847
0.181409, 1.10522, 0.877323, 0.000343691
0.0795387, 0.960338, 0.593796, 0.00071613
0.0240188, 1.14897, 0.573015, 0.00245356
0.100465, 1.10719, 0.828865, 0.000516472
0.00889409, 0.915466, 0.621232, 0.00067454
0.0404792, 0.926859, 0.0389892, 0.000371277
0.0177643, 1.0821, 0.897519, 0.00375138
0.0888583, 1.31529, 0.118579, 0.00149609
0.110789, 1.04184, 0.946926, 0.000196949
0.0580229, 0.999836, 0.912016, 0.00144114
0.0457912, 1.09819, 0.721496, 0.00159257
0.0396801, 0.995925, 0.632838, 0.000143652
0.184371, 0.999549, 0.142538, 0.00177344
0.0210217, 0.90635, 0.497577, 0.000678097
0.0983502, 1.10728, 0.997762, 0.00317925
0.0858417, 0.993262, 0.688893, 0.000767414
0.0167276, 1.08709, 0.284868, 0.00378368
0.232462, 1.02207, 0.0582324, 0.00082306
0.138062, 0.997852, 0.350406, 0.00172623
0.0296177, 1.03317, 0.523134, 0.00191783
0.0196172, 0.862482, 0.870412, 0.000375082
0.0108515, 0.953962, 0.170996, 0.000818221
0.00185916, 1.08317, 0.0523546, 0.000316184
0.0192463, 1.17233, 0.510347, 0.000195435
0.0546681, 1.04074, 0.338232, 0.000173061
0.128037, 1.00395, 0.179269, 0.000160063
0.0926479, 1.04562, 0.645429, 0.00134038
0.169291, 1.13272, 0.554247, 0.000220935
0.0367246, 1.07176, 0.104978, 0.00281703
0.243669, 1.14824, 0.870212, 0.00160026
0.219758, 1.20202, 0.820767, 0.000287047
0.0314481, 0.813637, 0.436773, 0.000100134
0.00558203, 0.971267, 0.0124481, 0.00089291
0.00485061, 1.07954, 0.436996, 0.000802422
0.00200397, 0.729493, 0.987051, 9.45102e-05
0.0470402, 0.822799, 0.954045, 0.000979843
0.0426776, 1.26747, 0.607993, 0.00057302
0.18648, 0.811909, 0.903221, 0.00218217
0.00108101, 0.700594, 0.930909, 0.000330138
0.038705, 1.1786, 0.635935, 0.00283351
0.0612733, 0.884058, 0.555337, 0.000640945
0.231503, 1.02821, 0.255513, 0.00101487
0.0491012, 0.900913, 0.834332, 0.00187078
0.050613, 0.949526, 0.308203, 0.00096443
0.0740124, 1.02771, 0.650246, 0.000426468
0.132587, 1.06758, 0.791931, 0.00155909
0.0103902, 0.941251, 0.747441, 0.000126005
0.112856, 0.800598, 0.163834, 0.00116625
0.176262, 0.837087, 0.101774, 0.00136807
0.0500769, 1.06881, 0.440478, 0.000829375
0.0287766, 1.00308, 0.810787, 0.000347769
0.113762, 0.963365, 0.369238, 0.000599892
0.148822, 0.75197, 0.718373, 0.00175742
0.0270329, 0.915516, 0.104397, 0.00253416
0.204118, 1.0574, 0.103304, 0.000781504
0.103556, 0.959902, 0.342551, 0.000505552
0.0131669, 1.01043, 0.704642, 0.000277426
0.379862, 1.02633, 0.281213, 6.93634e-05
0.0452388, 0.986765, 0.34883, 0.00116893
0.0620518, 0.767203, 0.252446, 0.00168203
0.251081, 1.17525, 0.388352, 0.00143401
0.0904342, 0.778106, 0.736915, 0.000262456
0.0133097, 1.19287, 0.93986, 0.000634009
0.0228355, 0.990178, 0.958243, 0.00116302
0.174632, 1.03559, 0.30635, 9.71632e-05
0.0590017, 1.01606, 0.531357, 0.00011257
0.0154772, 0.964746, 0.949449, 0.00324263
0.368985, 1.08149, 0.659386, 0.00422605
0.021836, 0.734004, 0.785646, 0.000521592
0.140574, 0.805123, 0.501753, 0.000155753
0.228028, 1.02863, 0.468551, 0.000409686
0.276394, 1.06844, 0.661692, 0.000161176
0.0207974, 1.0131, 0.725741, 2.90753e-05
0.0771164, 1.02793, 0.511361, 0.00135821
0.101354, 1.01611, 0.79069, 0.000147192
0.0459199, 1, 0.455811, 0.000919172
0.0815999, 1.06772, 0.734026, 0.000855251
0.0240069, 1.14771, 0.79684, 0.00018204
0.187687, 1.01418, 0.74493, 0.00122455
0.0133226, 0.950705, 0.600353, 0.000652637
0.0733865, 0.842713, 0.841142, 0.000891944
0.032546, 1.26266, 0.0752062, 0.000963315
0.111266, 0.75056, 0.265979, 0.00158053
0.0210599, 0.828018, 0.129143, 0.00209135
0.0689468, 0.784079, 0.56969, 0.000374433
0.104986, 0.952506, 0.384173, 0.000214684
0.334062, 1.28191, 0.314369, 0.000271725
0.0351985, 1.30721, 0.297058, 7.58698e-05
0.150252, 1.1317, 0.0108903, 5.95562e-05
0.12612, 0.895812, 0.348224, 0.000494135
0.167121, 1.01981, 0.571487, 4.19207e-05
0.020543, 1.20586, 0.89283, 0.000396665
0.080532, 0.878009, 0.869124, 3.10705e-05
0.141, 1.21333, 0.739268, 8.12638e-05
0.215663, 0.688732, 0.711622, 0.000346058
0.0765738, 1.07108, 0.477211, 0.00131711
0.495189, 1.02947, 0.890909, 0.00088668
0.37095, 1.08316, 0.452951, 0.000224464
0.0270665, 0.834563, 0.433299, 0.000189245
0.238402, 1.08645, 0.523173, 0.000434174
0.092327, 1.02139, 0.93178, 0.000468821
0.117613, 0.846895, 0.750239, 0.00286779
0.106411, 1.05735, 0.870699, 0.000709774
0.00224729, 0.846021, 0.908924, 0.000365498
0.0277466, 0.85262, 0.885271, 0.000647415
0.280272, 0.966504, 0.136781, 0.00033657
0.201758, 0.795558, 0.465808, 0.000246727
0.12106, 1.07295, 0.402376, 0.00060736
0.0896149, 0.853694, 0.677154, 0.000115444
0.0790018, 1.04268, 0.498604, 6.63275e-05
0.0606522, 0.823231, 0.234649, 0.000608454
0.103222, 1.00885, 0.506653, 1.53571e-05
0.0311137, 0.885606, 0.995837, 0.000643688
0.0694033, 1.08254, 0.935627, 0.00015319
0.0889062, 1.03543, 0.644891, 0.000544945
0.0200504, 0.961335, 0.256992, 1.39918e-05
0.165026, 0.942437, 0.631101, 0.000658169
0.00763037, 0.933146, 0.974025, 0.00134472
0.128133, 1.13357, 0.584146, 0.000883807
0.0171376, 1.05148, 0.5484, 0.0012111
0.0729221, 1.29544, 0.781964, 8.498e-05
0.00256675, 1.07642, 0.633477, 7.84506e-05
0.0230879, 0.827936, 0.251716, 0.0025088
0.0150396, 0.885367, 0.639994, 0.000528173
0.0386179, 0.858051, 0.122347, 0.00166519
0.00365183, 0.760476, 0.481898, 0.00361107
0.0552872, 1.10117, 0.0553759, 0.00304734
0.337931, 1.24472, 0.0434911, 0.000917398
0.0155948, 0.909772, 0.429436, 0.000667823
0.0809826, 1.08636, 0.471117, 0.00329007
0.144774, 0.8918, 0.505207, 0.00109043
0.0224086, 1.22447, 0.174959, 0.000489233
0.05135, 0.693682, 0.21226, 0.000883193
0.101431, 1.09216, 0.00201202, 0.00357222
0.0931486, 0.952329, 0.783159, 0.000603579
0.0264008, 1.13567, 0.204606, 1.91141e-05
0.0298155, 1.03373, 0.148718, 0.000181898
0.256819, 0.879466, 0.604884, 0.00101198
0.0215152, 1.0304, 0.451608, 0.000734019
0.102893, 1.07444, 0.022811, 0.00362195
0.041985, 0.78987, 0.351325, 0.000887837
0.128933, 0.893633, 0.0923815, 0.0012908
0.195079, 0.912379, 0.914328, 0.000722293
0.174795, 0.920417, 0.298328, 0.000879282
0.048688, 1.09397, 0.405067, 0.000388003
0.0922321, 1.14078, 0.966267, 0.00108899
0.000266671, 0.819608, 0.977837, 0.00481843
0.00616215, 1.05131, 0.00565264, 0.00123419
0.133886, 1.09286, 0.00264539, 3.37676e-05
0.140801, 1.33897, 0.739859, 0.000329444
0.0177475, 1.0278, 0.850492, 0.000380239
0.0394528, 1.01953, 0.021956, 0.000880235
0.106105, 1.13162, 0.267938, 0.000435864
0.0384559, 0.987962, 0.527969, 0.000349139
0.160144, 0.818681, 0.652961, 8.26432e-05
0.173947, 1.03279, 0.923205, 0.000982965
0.27819, 1.14891, 0.879934, 2.70855e-05
0.427599, 1.1795, 0.964525, 0.00273549
0.0473189, 0.764579, 0.0959191, 0.000769559
0.222222, 0.940244, 0.879328, 0.000286517
0.22116, 0.979719, 0.131118, 0.000408807
0.0488382, 1.06633, 0.917914, 0.000745524
0.037299, 1.3705, 0.541981, 0.000457188
0.105081, 1.04043, 0.863707, 0.00021127
0.0586495, 1.03282, 0.909847, 0.000588432
0.114223, 0.848324, 0.817069, 0.00137361
0.267405, 0.890458, 0.489845, 0.000713834
0.54412, 1.01545, 0.701019, 0.000188091
0.0170505, 1.18094, 0.10526, 0.000144566
0.119897, 0.925179, 0.282584, 0.000621501
0.207234, 1.15219, 0.638608, 0.000631456
0.0997011, 1.02831, 0.104333, 0.00181773
0.12228, 1.20001, 0.741006, 0.000585462
0.0952044, 0.899835, 0.780205, 4.13965e-05
0.0205805, 1.18745, 0.506252, 0.000153826
0.0514018, 1.00788, 0.101922, 0.000566528
0.039119, 1.01143, 0.557059, 0.00197373
0.601092, 1.17103, 0.613349, 0.00219557
0.0486301, 1.25547, 0.281823, 0.000270741
0.212297, 0.972234, 0.134783, 0.00315336
0.0509054, 0.975121, 0.923512, 4.61918e-05
0.194, 0.96386, 0.56635, 0.000709341
0.163532, 0.821397, 0.967259, 0.000359377
0.0539249, 1.01218, 0.752455, 0.000110327
0.414656, 1.17853, 0.191589, 0.00120525
0.0187829, 0.943605, 0.803515, 2.38897e-05
0.283031, 1.04199, 0.520386, 0.00228951
0.0337048, 0.977388, 0.928078, 0.000506326
0.180993, 1.00138, 0.7587, 0.000813678
0.037751, 1.02511, 0.645506, 0.00145848
0.0133975, 1.02461, 0.980639, 0.000542131
0.0124253, 0.986322, 0.903186, 0.00313901
0.0378826, 0.874699, 0.314769, 0.000233282
0.0664056, 0.824597, 0.061801, 0.000963483
0.119379, 1.08007, 0.0178926, 0.0014495
0.061396, 0.809072, 0.703016, 0.000329655
0.0194973, 0.865683, 0.268098, 0.0026134
0.0355171, 0.93211, 0.803321, 0.00666834
0.0647179, 1.01018, 0.814639, 0.00181651
0.253697, 0.985764, 0.72356, 0.00122416
0.002132, 1.21013, 0.36928, 0.00202696
0.00781033, 1.03693, 0.218356, 0.00118151
0.276466, 1.24867, 0.0791064, 0.000664412
0.0494133, 1.12992, 0.493331, 0.00061682
0.0117261, 0.991914, 0.31516, 0.00026733
0.0322711, 1.04679, 0.539161, 0.00172798
0.0903245, 0.833298, 0.253741, 0.00127191
0.235443, 0.937457, 0.658317, 8.28917e-05
0.157863, 1.03556, 0.325296, 0.00269776
0.105418, 1.00652, 0.328283, 0.000862556
0.0122831, 1.14837, 0.574025, 0.000449225
0.000518208, 1.03398, 0.342982, 0.00108725
0.329123, 1.00898, 0.00992542, 0.00261794
0.364545, 1.07182, 0.367095, 0.000444896
0.152556, 0.981045, 0.562826, 0.00215876
0.078837, 1.0492, 0.918236, 0.0004063
0.372316, 1.19525, 0.695509, 0.00218984
0.0124099, 0.978023, 0.871363, 0.00105127
0.0277707, 1.19167, 0.308477, 0.000326814
0.153786, 1.0491, 0.947454, 0.00020783
0.204791, 1.33201, 0.835822, 0.00170437
0.0651324, 0.815492, 0.703505, 0.00113859
0.0977329, 0.991648, 0.249871, 0.000202489
0.173084, 0.91047, 0.58355, 7.51428e-05
0.189685, 1.04275, 0.00070429, 0.000526358
0.134936, 0.845789, 0.139851, 0.00110634
0.0481837, 0.688503, 0.675819, 0.000271343
0.0714327, 0.971941, 0.116949, 5.18004e-05
0.0258505, 0.985758, 0.203216, 0.00192768
0.0710035, 1.32756, 0.3033, 0.00101213
0.10525, 0.738183, 0.638328, 0.000413697
0.530442, 1.04112, 0.113056, 0.000515506
0.184239, 1.19222, 0.0660864, 0.00017733
0.0791265, 0.955275, 0.559822, 0.00238091
0.0888121, 0.812178, 0.716454, 0.000378096
0.0806296, 0.957488, 0.393274, 0.000393539
0.31817, 1.01783, 0.463709, 0.000812613
0.00450507, 1.02262, 0.990381, 0.00206767
0.656814, 0.851903, 0.394184, 0.00373403
0.117885, 0.826014, 0.886884, 5.95118e-06
0.0298708, 1.05696, 0.744816, 0.000833979
0.101841, 0.870541, 0.849101, 0.000324059
0.196845, 0.899456, 0.212147, 0.000162153
0.0364413, 0.803694, 0.338649, 0.000384937
0.00102618, 0.899963, 0.603499, 0.00282627
0.0676724, 1.13562, 0.754559, 0.00123322
0.430133, 1.1038, 0.28054, 0.00130887
0.104701, 0.899299, 0.260355, 0.00266414
0.12627, 0.807064, 0.284141, 0.000726014
