508622, 247460, 33, 1, 0, 23, 0, 0
507630, 252567, 0, 0, 0, 27, 1, 0
533025, 230536, 0, 0, 0, 29, 1, 0
521650, 243180, 1, 1, 0, 0, 0, 0
519988, 244586, 50, 1, 0, 1, 0, 0
520202, 246215, 0, 0, 0, 3, 3, 0
516254, 252739, 0, 0, 0, 2, 1, 0
504852, 236608, 0, 0, 0, 17, 1, 0
522813, 244299, 0, 0, 0, 6, 1, 0
515319, 250201, 0, 0, 0, 37, 1, 0
516787, 245533, 0, 0, 0, 16, 1, 0
509416, 248062, 0, 0, 0, 30, 1, 0
520830, 251210, 0, 0, 0, 4, 1, 0
516680, 251090, 0, 0, 0, 192, 1, 0
526850, 247570, 0, 0, 0, 5, 2, 1
501270, 267143, 19, 0, 1, 0, 0, 0
552390, 285520, 253, 6, 5, 0, 0, 0
551110, 284210, 0, 0, 0, 12, 0, 3
551549, 285796, 0, 0, 0, 0, 0, 1
552800, 283800, 0, 0, 0, 82, 2, 9
549904, 286742, 0, 0, 0, 19, 2, 4
552630, 282910, 0, 0, 0, 0, 3, 4
551260, 285910, 0, 0, 0, 9, 6, 2
550864, 286351, 0, 0, 0, 0, 2, 3
548860, 285560, 0, 0, 0, 56, 2, 2
552942, 286595, 0, 0, 0, 75, 1, 4
552360, 280830, 0, 0, 0, 186, 3, 5
552170, 280130, 0, 0, 0, 222, 5, 4
554090, 277310, 0, 0, 0, 95, 2, 6
541700, 274460, 50, 1, 1, 242, 1, 0
547690, 274270, 0, 0, 0, 196, 4, 1
549290, 274540, 0, 0, 0, 5, 1, 1
544180, 275690, 0, 0, 0, 61, 0, 3
544220, 276500, 0, 0, 0, 20, 3, 2
546270, 277030, 0, 0, 0, 29, 4, 4
546560, 275860, 279, 4, 1, 41, 0, 0
556530, 288200, 0, 0, 0, 17, 7, 7
551296, 280807, 0, 0, 0, 76, 2, 7
556799, 288210, 0, 0, 0, 0, 0, 2
558324, 288877, 0, 0, 0, 19, 5, 11
553263, 290133, 0, 0, 0, 0, 0, 1
542767, 282575, 890, 2, 0, 0, 0, 0
544630, 281730, 0, 0, 0, 17, 4, 1
543536, 281692, 0, 0, 0, 11, 1, 3
550380, 273780, 0, 0, 0, 62, 8, 6
551378, 274456, 0, 0, 0, 13, 6, 6
551356, 274652, 0, 0, 0, 6, 2, 5
543300, 277510, 0, 0, 0, 80, 1, 0
541100, 278010, 0, 0, 0, 72, 0, 2
543180, 278830, 0, 0, 0, 37, 2, 2
542179, 281010, 0, 0, 0, 0, 0, 2
547168, 282101, 23, 2, 4, 0, 0, 0
546880, 278820, 0, 0, 0, 179, 1, 3
546160, 280090, 0, 0, 0, 62, 2, 2
546090, 283910, 0, 0, 0, 8, 1, 4
546700, 287250, 1, 1, 0, 151, 3, 3
547820, 286150, 0, 0, 0, 2, 1, 2
542680, 287330, 240, 2, 2, 0, 0, 0
539190, 286780, 0, 0, 0, 23, 0, 4
543010, 282360, 102, 0, 1, 0, 0, 0
540210, 284790, 954, 1, 0, 3, 0, 0
540146, 290684, 0, 0, 0, 44, 0, 1
542600, 279620, 0, 0, 0, 26, 0, 3
537811, 288539, 19, 0, 4, 0, 0, 0
540262, 282934, 0, 0, 0, 12, 0, 1
539200, 290310, 0, 0, 0, 0, 5, 0
541340, 291690, 0, 0, 0, 38, 3, 0
540370, 289870, 79, 2, 1, 0, 0, 0
542780, 296270, 0, 0, 0, 81, 2, 3
543320, 295310, 0, 0, 0, 0, 1, 1
541183, 294425, 0, 0, 0, 145, 1, 0
541977, 298671, 6, 1, 0, 0, 1, 0
539449, 295886, 0, 0, 0, 7, 1, 1
538742, 296802, 0, 0, 0, 9, 1, 1
538742, 296802, 0, 0, 0, 591, 3, 1
544519, 292228, 357, 4, 1, 78, 1, 0
541870, 292310, 0, 0, 0, 108, 1, 2
532750, 296850, 0, 0, 0, 0, 2, 1
530120, 297720, 0, 0, 0, 4, 1, 2
529490, 299300, 0, 0, 0, 918, 1, 0
527084, 297288, 83, 0, 1, 22, 0, 0
526863, 297696, 0, 0, 0, 2, 1, 0
526129, 297353, 0, 0, 0, 2, 0, 1
545300, 305300, 59, 1, 1, 3, 0, 0
547690, 303790, 0, 0, 0, 2, 2, 2
543359, 311399, 0, 0, 0, 7, 2, 0
535650, 308960, 0, 0, 0, 213, 1, 0
539160, 308150, 0, 0, 0, 50, 0, 1
536530, 307500, 0, 0, 0, 5, 1, 0
544880, 318860, 0, 0, 0, 50, 3, 0
542072, 316283, 0, 0, 0, 3, 1, 0
541010, 308110, 120, 2, 0, 0, 0, 0
540380, 306660, 0, 0, 0, 115, 2, 1
541540, 310410, 9, 1, 1, 0, 0, 0
535534, 302781, 58, 3, 0, 0, 0, 0
539130, 302850, 0, 0, 0, 744, 2, 2
540296, 305231, 0, 0, 0, 85, 2, 1
540082, 306285, 0, 0, 0, 64, 0, 1
547910, 314710, 0, 0, 0, 2, 0, 3
549160, 309910, 0, 0, 0, 5, 1, 0
544049, 306950, 0, 0, 0, 9, 0, 2
532390, 251390, 0, 0, 0, 0, 0, 1
532470, 250690, 73, 1, 2, 0, 0, 0
532852, 250235, 72, 2, 1, 0, 0, 0
532019, 250825, 0, 0, 0, 0, 2, 0
533380, 244700, 0, 0, 0, 45, 4, 2
533600, 243640, 36, 1, 1, 0, 0, 0
540300, 241240, 0, 0, 0, 5, 4, 1
539060, 252230, 0, 0, 0, 125, 2, 4
543836, 239477, 1, 0, 2, 0, 0, 0
542335, 245889, 0, 0, 0, 28, 8, 5
537192, 245469, 0, 0, 0, 0, 2, 1
528198, 247279, 71, 1, 1, 0, 0, 0
528806, 242533, 0, 0, 0, 61, 1, 0
546730, 247940, 980, 5, 3, 0, 0, 0
533960, 251340, 880, 2, 2, 174, 0, 0
555440, 260530, 0, 0, 0, 13, 10, 11
554690, 261610, 710, 8, 7, 0, 0, 0
553500, 257500, 0, 0, 0, 0, 0, 6
554931, 257251, 0, 0, 0, 15, 10, 10
549010, 265030, 0, 0, 0, 47, 3, 4
549960, 263490, 16, 6, 2, 0, 0, 0
553210, 263130, 0, 0, 0, 1, 1, 2
552330, 264840, 90, 2, 7, 0, 0, 0
551550, 260280, 9, 6, 4, 4, 0, 0
556240, 265640, 181, 11, 8, 103, 0, 1
553640, 269410, 0, 0, 0, 20, 3, 11
540560, 256030, 48, 3, 5, 44, 1, 0
540430, 254830, 43, 3, 2, 17, 0, 0
533250, 264020, 164, 6, 1, 9, 0, 0
541400, 260600, 348, 2, 4, 473, 0, 0
548110, 263940, 182, 7, 5, 2, 0, 0
545617, 258410, 0, 0, 0, 39, 7, 7
535720, 261780, 35, 1, 3, 53, 1, 1
538623, 256700, 38, 5, 3, 0, 0, 0
532510, 265860, 1158, 2, 2, 205, 0, 0
540490, 259130, 0, 1, 3, 0, 0, 0
542720, 266650, 0, 0, 0, 126, 5, 2
543040, 269680, 0, 0, 0, 5, 2, 1
545086, 267406, 120, 7, 1, 43, 0, 1
544920, 270530, 0, 0, 0, 28, 2, 1
546200, 269730, 0, 0, 0, 47, 0, 2
547140, 269260, 0, 0, 0, 80, 3, 1
548178, 271168, 0, 0, 0, 3, 1, 2
547080, 269900, 0, 0, 0, 7, 0, 3
543541, 263752, 21, 3, 1, 6, 0, 0
544990, 268640, 0, 0, 0, 34, 3, 3
545730, 270280, 0, 0, 0, 65, 1, 3
545720, 269600, 36, 1, 6, 0, 0, 0
545710, 269170, 15, 3, 4, 10, 0, 1
545482, 269836, 0, 0, 0, 0, 0, 1
538040, 262200, 0, 0, 0, 0, 0, 1
541380, 264210, 15, 2, 3, 106, 1, 2
534520, 268890, 0, 0, 0, 36, 0, 2
544150, 265600, 0, 0, 0, 21, 2, 1
542305, 262345, 0, 0, 2, 0, 0, 0
543120, 255870, 27, 5, 2, 1, 1, 0
547280, 266380, 0, 0, 0, 3, 1, 2
540750, 266820, 0, 0, 0, 175, 2, 1
546323, 260093, 0, 0, 0, 10, 2, 9
547924, 260966, 0, 0, 0, 0, 0, 2
543600, 268120, 0, 0, 0, 224, 6, 1
541435, 263978, 435, 4, 2, 0, 0, 0
537460, 271300, 0, 0, 0, 183, 2, 2
547290, 270020, 0, 0, 0, 4, 1, 1
536770, 271390, 17, 1, 0, 160, 2, 0
537913, 270756, 34, 1, 0, 0, 0, 0
542310, 268460, 0, 0, 0, 49, 4, 2
542406, 268072, 46, 1, 1, 0, 0, 0
542256, 267885, 0, 0, 0, 2, 0, 4
537820, 267160, 0, 0, 0, 234, 3, 1
532040, 267340, 0, 0, 0, 142, 2, 1
543010, 266650, 875, 3, 2, 0, 0, 0
536570, 265880, 1113, 6, 1, 0, 0, 0
550270, 265970, 0, 0, 0, 38, 6, 12
549610, 272940, 0, 0, 0, 189, 7, 2
545830, 271360, 0, 0, 0, 64, 1, 5
539820, 271740, 0, 0, 0, 18, 2, 2
541440, 272540, 162, 2, 4, 0, 0, 0
541040, 270680, 0, 0, 0, 47, 2, 3
540510, 271640, 0, 0, 0, 78, 2, 1
542170, 250570, 0, 0, 0, 84, 5, 1
545437, 251852, 3, 3, 5, 0, 0, 0
545280, 250930, 0, 0, 0, 181, 3, 4
548583, 252706, 11, 6, 1, 19, 1, 0
532010, 256870, 0, 0, 0, 3, 3, 1
531770, 257400, 0, 0, 0, 4, 2, 0
531620, 257120, 0, 0, 0, 1, 2, 1
538350, 256340, 0, 0, 0, 0, 0, 2
529800, 257920, 0, 0, 0, 32, 2, 1
525647, 259873, 485, 2, 0, 151, 0, 0
531450, 262690, 47, 0, 3, 0, 0, 0
524730, 263970, 0, 0, 0, 45, 2, 0
524597, 263995, 0, 0, 0, 40, 0, 2
540330, 263080, 9, 2, 2, 0, 0, 0
534740, 253440, 0, 0, 0, 143, 1, 1
531120, 253350, 0, 0, 0, 2, 1, 0
557600, 250400, 182, 13, 12, 15, 0, 0
558610, 245320, 34, 8, 11, 0, 0, 0
565560, 254010, 0, 0, 0, 1252, 9, 16
563550, 242750, 0, 0, 0, 243, 5, 8
561550, 241960, 0, 0, 0, 186, 7, 9
539480, 246990, 28, 4, 2, 40, 0, 0
552043, 247434, 0, 0, 0, 0, 1, 3
551826, 247630, 0, 0, 0, 0, 0, 2
552686, 247136, 0, 0, 0, 45, 3, 5
548380, 248430, 397, 2, 8, 0, 0, 0
561364, 247177, 0, 0, 0, 5, 2, 6
546290, 242260, 0, 0, 0, 0, 0, 3
550829, 242834, 20, 8, 3, 4, 0, 0
549020, 248180, 58, 3, 4, 79, 1, 0
548060, 249930, 888, 8, 10, 0, 0, 0
549020, 245440, 31, 7, 1, 67, 1, 0
548840, 249112, 0, 0, 0, 0, 0, 2
561513, 249170, 0, 0, 0, 0, 0, 2
563210, 254810, 211, 10, 8, 0, 0, 0
563930, 252880, 0, 0, 0, 0, 0, 4
562004, 252921, 9, 7, 8, 0, 0, 0
547470, 248730, 58, 2, 3, 0, 0, 0
564820, 253660, 0, 0, 0, 379, 7, 6
562570, 256032, 0, 0, 0, 0, 0, 2
558490, 264150, 724, 11, 8, 0, 0, 0
558990, 269010, 0, 0, 0, 92, 5, 6
557370, 268850, 0, 0, 0, 82, 6, 10
566921, 260865, 0, 0, 0, 43, 8, 14
565970, 271080, 14, 8, 25, 0, 0, 0
559350, 259520, 108, 15, 12, 0, 0, 0
564710, 256040, 36, 10, 14, 0, 0, 0
564620, 270890, 0, 0, 0, 37, 7, 12
562890, 271720, 0, 0, 0, 8, 5, 12
559530, 270380, 0, 0, 5, 0, 0, 0
557940, 271270, 0, 0, 0, 1520, 7, 5
564340, 270936, 0, 0, 0, 2, 3, 7
562040, 273400, 501, 13, 11, 0, 0, 0
561530, 269780, 0, 0, 0, 0, 0, 1
564400, 275780, 0, 0, 0, 10, 9, 9
564030, 276270, 0, 0, 0, 75, 10, 12
564250, 276540, 0, 0, 0, 49, 12, 9
570390, 257180, 0, 0, 0, 0, 0, 2
564303, 267185, 0, 0, 0, 0, 0, 4
558300, 272680, 0, 0, 0, 6, 3, 6
550420, 278460, 0, 0, 0, 89, 6, 6
559710, 279170, 33, 7, 10, 0, 0, 0
560176, 279873, 0, 0, 0, 19, 5, 13
554930, 272230, 0, 0, 0, 176, 1, 7
555290, 271430, 1, 0, 1, 75, 2, 9
555237, 271896, 47, 6, 7, 1, 0, 0
556175, 271417, 0, 0, 0, 0, 1, 2
554400, 272760, 0, 0, 0, 0, 0, 1
563330, 257610, 0, 0, 0, 0, 0, 1
556860, 266320, 158, 6, 7, 0, 0, 0
527300, 250780, 98, 3, 1, 30, 0, 0
537794, 275903, 0, 0, 0, 9, 2, 0
533390, 278295, 0, 0, 0, 4, 1, 0
533990, 278680, 27, 1, 0, 27, 0, 0
534360, 280380, 0, 0, 0, 55, 1, 0
535470, 278820, 121, 1, 0, 0, 0, 0
536720, 278460, 0, 0, 1, 3, 0, 1
534930, 277030, 572, 2, 0, 352, 0, 0
535348, 277822, 0, 0, 0, 5, 0, 2
531780, 281910, 0, 0, 0, 2, 1, 2
534130, 274900, 0, 0, 0, 65, 1, 0
532310, 269330, 0, 0, 0, 2, 3, 0
527500, 270850, 0, 0, 0, 14, 1, 1
527830, 270770, 0, 0, 0, 24, 1, 0
528480, 267430, 163, 2, 0, 786, 1, 0
529430, 265840, 22, 1, 0, 14, 0, 0
534881, 272869, 0, 0, 0, 5, 1, 1
527470, 273770, 0, 0, 0, 22, 2, 1
528790, 272020, 0, 0, 0, 5, 2, 0
531600, 273490, 0, 0, 0, 115, 3, 1
531972, 272072, 0, 0, 0, 13, 2, 0
535220, 272230, 8, 0, 0, 243, 3, 2
531497, 272537, 0, 0, 0, 4, 3, 1
515150, 274150, 0, 0, 0, 143, 2, 0
523020, 270260, 154, 1, 0, 82, 0, 0
512250, 262550, 0, 0, 0, 33, 1, 0
524370, 276120, 11, 1, 0, 0, 0, 0
525630, 275210, 178, 2, 0, 1, 0, 0
523396, 273220, 16, 2, 0, 0, 0, 0
521328, 296436, 0, 0, 0, 5, 1, 0
515440, 283860, 0, 0, 0, 155, 0, 1
516229, 289589, 0, 0, 0, 0, 0, 1
535070, 282310, 5, 2, 0, 0, 0, 0
535600, 285790, 0, 0, 0, 0, 0, 1
527040, 280810, 0, 0, 0, 7, 2, 2
530280, 282970, 0, 0, 0, 114, 1, 0
527360, 280222, 0, 0, 0, 2, 1, 1
523098, 256666, 0, 0, 0, 56, 1, 0
520780, 268380, 0, 0, 0, 50, 2, 1
523590, 270100, 0, 0, 0, 192, 1, 0
518535, 268052, 0, 0, 0, 2, 1, 0
516707, 262060, 642, 0, 1, 0, 0, 0
521340, 255320, 0, 0, 0, 107, 0, 1
524740, 254080, 0, 0, 0, 23, 1, 0
538190, 275330, 0, 0, 0, 407, 2, 0
535690, 274900, 0, 0, 0, 10, 1, 2
531430, 301170, 348, 3, 2, 0, 0, 0
527040, 305510, 0, 0, 0, 76, 1, 0
524814, 298685, 36, 1, 0, 0, 0, 0
513210, 302730, 0, 0, 0, 19, 0, 1
522290, 305740, 0, 0, 0, 63, 1, 0
517013, 303428, 0, 0, 0, 16, 1, 1
508360, 294010, 764, 1, 0, 229, 0, 0
555561, 195146, 0, 0, 0, 30, 1, 0
562280, 201130, 0, 0, 0, 3, 0, 2
575390, 190460, 0, 0, 0, 210, 1, 0
572395, 195271, 0, 0, 0, 57, 1, 0
575100, 189970, 0, 0, 0, 8, 0, 1
580812, 186422, 11, 0, 0, 70, 1, 1
576681, 209325, 0, 0, 0, 16, 1, 0
563460, 211790, 0, 0, 0, 43, 1, 0
572690, 216650, 0, 0, 0, 442, 4, 1
569680, 214570, 0, 0, 0, 14, 1, 0
568306, 212911, 0, 0, 0, 46, 0, 1
570082, 215612, 44, 5, 1, 0, 0, 0
564580, 213810, 0, 0, 0, 48, 3, 0
570047, 208245, 0, 0, 0, 3, 2, 0
565951, 211499, 0, 0, 0, 9, 1, 0
567604, 209444, 0, 0, 0, 0, 1, 0
580910, 201330, 20, 2, 1, 0, 0, 0
580890, 203330, 214, 3, 0, 0, 0, 0
576298, 200571, 3, 1, 0, 17, 0, 0
571330, 199500, 0, 0, 0, 23, 1, 1
577200, 207180, 0, 0, 0, 10, 0, 2
577875, 208082, 21, 2, 1, 1, 0, 0
572800, 213260, 0, 0, 0, 18, 5, 0
572456, 212777, 0, 0, 0, 0, 1, 1
567861, 201665, 0, 0, 0, 2, 0, 1
577111, 196136, 0, 0, 0, 35, 1, 0
576140, 197890, 0, 0, 0, 42, 1, 0
577130, 198640, 0, 0, 0, 14, 1, 0
562170, 205820, 0, 0, 0, 29, 0, 1
562843, 209312, 22, 3, 0, 0, 0, 0
575580, 210530, 271, 6, 2, 0, 0, 0
575910, 203710, 0, 0, 0, 35, 1, 0
571734, 194781, 0, 0, 0, 1, 1, 0
574413, 198151, 0, 0, 0, 8, 1, 0
573162, 200597, 42, 2, 0, 18, 0, 0
578424, 203493, 0, 0, 0, 56, 1, 1
576093, 202740, 0, 0, 0, 2, 2, 0
566980, 206800, 198, 1, 0, 32, 0, 0
592520, 199230, 0, 0, 0, 50, 1, 0
590908, 199016, 0, 0, 0, 70, 2, 0
600615, 202308, 0, 0, 0, 29, 0, 1
585430, 199580, 0, 0, 0, 5, 2, 1
599320, 202030, 0, 0, 0, 32, 3, 0
595390, 200080, 1, 0, 2, 237, 0, 1
582430, 203300, 0, 0, 0, 21, 2, 0
584520, 209320, 0, 0, 0, 5, 1, 2
590007, 198782, 0, 0, 0, 3, 0, 1
589143, 198665, 0, 0, 0, 77, 1, 0
596060, 195970, 0, 0, 0, 31, 4, 0
589143, 198665, 0, 0, 0, 0, 1, 0
587780, 203530, 0, 0, 0, 0, 2, 0
587780, 204190, 0, 0, 0, 25, 3, 1
586980, 199600, 2, 0, 0, 296, 3, 0
581540, 202100, 1432, 0, 1, 0, 0, 0
583150, 202370, 0, 0, 0, 7, 2, 0
585230, 201620, 208, 1, 0, 14, 0, 0
584210, 201080, 49, 0, 1, 8, 0, 0
581422, 202255, 0, 0, 0, 6, 1, 1
594410, 202990, 689, 3, 2, 0, 0, 0
594600, 201030, 0, 0, 0, 19, 2, 1
601410, 199360, 0, 0, 0, 0, 3, 0
598760, 192390, 53, 0, 0, 1049, 1, 0
596810, 200660, 304, 6, 0, 49, 0, 0
593390, 203310, 469, 2, 0, 149, 0, 0
593450, 204430, 254, 2, 0, 121, 0, 0
583050, 198060, 608, 2, 0, 85, 0, 0
600210, 203100, 0, 0, 0, 40, 2, 1
600701, 203777, 67, 3, 1, 0, 0, 0
600922, 202321, 0, 0, 0, 32, 1, 0
600588, 206978, 0, 0, 0, 15, 3, 2
589560, 200550, 78, 3, 0, 0, 0, 0
581679, 204241, 13, 1, 1, 0, 0, 0
582200, 207680, 0, 0, 0, 135, 4, 0
581650, 208380, 0, 0, 0, 97, 1, 0
559119, 230409, 30, 2, 3, 0, 0, 0
561194, 228923, 66, 2, 1, 0, 0, 0
559734, 232483, 172, 4, 1, 0, 0, 0
564890, 219390, 0, 0, 0, 68, 2, 0
565543, 218200, 0, 0, 0, 19, 0, 3
559550, 219120, 0, 0, 0, 20, 2, 1
562300, 224300, 229, 3, 3, 0, 0, 0
565010, 222390, 21, 4, 4, 0, 0, 0
561810, 224830, 0, 0, 0, 22, 2, 1
559830, 226460, 106, 5, 2, 2, 0, 0
560672, 225590, 0, 0, 0, 0, 1, 2
563160, 227159, 0, 0, 0, 11, 2, 2
564420, 216610, 0, 0, 0, 89, 3, 0
565530, 228470, 55, 4, 3, 0, 0, 0
560330, 226290, 114, 4, 2, 0, 0, 0
559095, 221109, 0, 0, 2, 0, 0, 0
565528, 222353, 0, 0, 0, 0, 0, 1
559690, 212490, 0, 0, 0, 57, 1, 1
566453, 215516, 0, 0, 0, 17, 2, 2
570990, 226970, 0, 0, 0, 2, 5, 3
557091, 224629, 0, 0, 0, 0, 1, 1
554550, 216860, 0, 0, 0, 46, 1, 0
552070, 216350, 0, 0, 0, 4, 1, 1
540010, 207250, 1951, 1, 1, 0, 0, 0
539409, 204004, 35, 1, 0, 0, 0, 0
563010, 238100, 0, 0, 0, 35, 6, 2
565940, 239160, 18, 7, 5, 1, 0, 0
566151, 238233, 15, 6, 4, 0, 0, 0
564010, 232720, 0, 0, 0, 8, 4, 3
565030, 234110, 0, 0, 0, 9, 3, 5
570730, 233930, 0, 0, 0, 431, 6, 4
570790, 231430, 11, 2, 2, 0, 0, 0
568479, 232446, 59, 4, 3, 0, 0, 0
566290, 232560, 0, 1, 3, 2, 1, 1
569660, 229010, 0, 0, 0, 2, 1, 1
566560, 228490, 164, 3, 4, 0, 0, 0
567610, 230280, 94, 2, 3, 0, 0, 0
585950, 233470, 546, 13, 11, 0, 0, 0
589890, 233260, 0, 0, 0, 91, 14, 9
587906, 232491, 0, 0, 0, 1, 2, 5
588200, 232800, 3, 9, 7, 0, 0, 0
589910, 234260, 0, 0, 0, 3, 5, 5
587820, 233450, 26, 13, 7, 0, 0, 0
589750, 232280, 0, 0, 0, 5, 7, 7
586917, 230251, 0, 0, 0, 123, 12, 8
586530, 231305, 0, 0, 0, 0, 3, 6
580200, 231910, 419, 23, 11, 67, 0, 1
586900, 227790, 1054, 15, 11, 0, 0, 0
586365, 226909, 0, 0, 0, 9, 11, 5
585671, 227092, 0, 0, 0, 0, 0, 2
576410, 229720, 0, 0, 0, 12, 6, 3
577220, 230230, 0, 0, 0, 1, 1, 3
577653, 226786, 0, 0, 0, 89, 10, 3
587960, 237840, 0, 0, 0, 63, 17, 10
581310, 226230, 0, 0, 0, 297, 8, 9
581370, 232020, 0, 0, 0, 200, 14, 12
583090, 227400, 55, 12, 5, 0, 0, 0
586300, 238420, 0, 0, 2, 0, 0, 0
583200, 233750, 71, 14, 9, 0, 0, 0
578100, 230800, 45, 9, 3, 32, 1, 0
585460, 233304, 0, 0, 0, 0, 0, 3
585852, 233298, 2, 3, 8, 6, 1, 1
585100, 235930, 0, 0, 0, 27, 6, 13
584129, 235325, 16, 13, 17, 0, 0, 0
587460, 228440, 0, 2, 2, 22, 5, 4
587923, 231458, 0, 0, 0, 153, 11, 12
550980, 219010, 32, 1, 1, 0, 0, 0
552544, 219631, 0, 0, 0, 0, 1, 0
542350, 210690, 0, 0, 0, 68, 0, 1
564660, 217238, 0, 0, 0, 184, 2, 1
544921, 211008, 26, 0, 1, 2, 0, 0
600555, 218470, 1, 2, 3, 1, 0, 0
599760, 219430, 33, 7, 5, 0, 0, 0
598940, 233520, 0, 0, 0, 24, 5, 12
598910, 230940, 20, 15, 8, 13, 0, 1
608776, 218346, 0, 0, 0, 147, 4, 4
608950, 217710, 8, 5, 4, 0, 0, 0
601880, 219740, 1610, 6, 3, 759, 0, 0
600930, 229330, 0, 0, 0, 0, 7, 4
602220, 222870, 9, 9, 1, 0, 0, 0
603101, 224443, 0, 0, 0, 5, 6, 2
607340, 232440, 20, 8, 12, 35, 1, 2
606837, 231483, 6, 5, 6, 0, 0, 0
601980, 220550, 16, 7, 3, 113, 3, 0
604510, 215280, 658, 4, 3, 59, 0, 1
600580, 219630, 188, 4, 1, 0, 0, 0
598110, 233180, 0, 0, 0, 169, 12, 13
596310, 232510, 0, 0, 0, 59, 9, 12
597540, 232380, 0, 0, 0, 35, 15, 7
596120, 215110, 0, 0, 0, 0, 0, 1
594900, 217500, 238, 11, 7, 38, 0, 1
595150, 214880, 1404, 4, 4, 0, 0, 0
600280, 219570, 14, 3, 4, 0, 0, 0
600682, 215825, 0, 0, 0, 3, 3, 3
603580, 233050, 0, 0, 0, 73, 16, 14
597450, 219300, 0, 0, 0, 1, 7, 2
598110, 218020, 0, 0, 0, 3, 5, 1
598012, 220408, 10, 18, 13, 0, 0, 0
600640, 217270, 380, 7, 3, 0, 0, 0
595330, 213840, 0, 0, 0, 96, 5, 0
605320, 222450, 19, 5, 5, 0, 0, 0
604425, 221760, 0, 0, 0, 95, 9, 5
590610, 224880, 0, 0, 0, 9, 15, 11
593290, 226860, 1278, 14, 23, 6, 0, 0
600157, 229863, 264, 13, 6, 252, 2, 1
595880, 228690, 0, 0, 0, 193, 16, 10
591980, 228730, 100, 24, 13, 0, 0, 0
589240, 225600, 0, 0, 0, 0, 1, 5
589207, 225664, 24, 11, 8, 0, 0, 0
590980, 226110, 41, 12, 14, 0, 0, 0
592772, 217656, 9, 6, 3, 7, 0, 0
590650, 216740, 0, 0, 0, 0, 0, 1
596540, 233020, 0, 0, 0, 35, 11, 9
595490, 230140, 0, 0, 0, 2, 4, 4
589564, 223442, 9, 13, 10, 0, 0, 0
591360, 231340, 0, 0, 0, 254, 13, 10
590290, 232310, 40, 15, 4, 97, 3, 0
589980, 231130, 0, 0, 0, 10, 10, 6
589540, 231320, 0, 0, 0, 5, 5, 6
588520, 228410, 0, 0, 0, 36, 8, 9
590760, 230200, 0, 0, 0, 5, 10, 10
589130, 229550, 0, 0, 0, 0, 0, 1
590010, 230980, 5, 5, 8, 0, 0, 0
596010, 226080, 26, 19, 10, 0, 0, 0
594999, 227370, 0, 0, 0, 0, 1, 2
593260, 230510, 0, 0, 0, 3, 5, 7
594450, 232380, 0, 0, 0, 57, 17, 7
594680, 229940, 0, 0, 0, 0, 6, 5
593668, 231957, 0, 0, 0, 1, 1, 8
574790, 242820, 0, 0, 0, 0, 0, 9
578272, 241405, 24, 8, 20, 0, 0, 0
577820, 237130, 72, 9, 6, 39, 2, 0
578971, 236354, 0, 0, 0, 0, 0, 1
582360, 244970, 0, 0, 0, 11, 14, 12
581238, 238610, 4, 2, 11, 35, 5, 4
579210, 234470, 86, 7, 7, 0, 0, 0
579230, 233350, 0, 0, 0, 1, 3, 4
575430, 238680, 8, 7, 8, 33, 2, 1
573270, 239120, 0, 0, 0, 41, 6, 4
582710, 240390, 0, 0, 0, 82, 18, 22
578450, 232660, 0, 0, 0, 10, 6, 6
576480, 232070, 5, 3, 1, 83, 4, 6
578708, 232731, 0, 0, 0, 41, 7, 7
578710, 233290, 295, 8, 8, 0, 0, 0
570210, 239290, 0, 0, 0, 274, 5, 4
571020, 238990, 0, 0, 0, 25, 7, 8
569650, 240460, 0, 0, 0, 0, 0, 1
568890, 240250, 635, 11, 10, 7, 0, 0
571470, 236010, 0, 0, 0, 3, 5, 3
572690, 237150, 0, 0, 0, 44, 2, 6
574574, 237110, 0, 0, 0, 0, 0, 1
560541, 202637, 33, 1, 0, 1, 0, 0
559970, 204620, 0, 0, 0, 15, 1, 0
552920, 209520, 6, 1, 0, 0, 0, 0
553270, 207820, 0, 0, 0, 29, 1, 0
571060, 182490, 58, 2, 0, 178, 0, 0
566270, 184970, 0, 0, 0, 4, 1, 0
585340, 195020, 0, 0, 0, 57, 1, 0
585116, 194181, 14, 2, 0, 7, 0, 0
593694, 188713, 0, 0, 0, 99, 1, 0
580150, 194590, 0, 0, 0, 2, 0, 1
584560, 194340, 0, 0, 0, 15, 1, 0
579300, 194390, 0, 0, 0, 84, 1, 0
578380, 194390, 0, 0, 0, 58, 1, 0
575020, 222220, 34, 4, 2, 73, 1, 0
576004, 221042, 0, 0, 0, 1, 1, 0
574642, 220196, 0, 0, 0, 0, 2, 0
575611, 222770, 0, 0, 0, 21, 10, 2
573640, 231460, 0, 0, 0, 90, 6, 4
567340, 220710, 0, 0, 0, 71, 1, 4
569612, 221851, 0, 0, 0, 0, 1, 1
573664, 225828, 50, 6, 2, 3, 0, 0
571300, 222930, 0, 0, 0, 0, 0, 1
571853, 222095, 5, 3, 1, 37, 2, 0
571500, 230080, 0, 0, 0, 497, 4, 3
571372, 227466, 0, 0, 0, 24, 1, 4
578830, 224100, 0, 0, 0, 2, 4, 3
577990, 225150, 0, 0, 0, 119, 9, 4
580458, 225739, 0, 0, 0, 3, 2, 6
573786, 228169, 338, 10, 4, 0, 0, 0
572190, 229910, 469, 7, 3, 9, 0, 0
571910, 230840, 9, 3, 2, 0, 0, 0
604060, 226360, 6, 7, 10, 0, 0, 0
606614, 227683, 0, 0, 0, 0, 1, 1
605284, 238072, 825, 16, 9, 0, 0, 0
617130, 224720, 0, 0, 0, 3, 1, 3
612480, 229380, 13, 4, 5, 0, 0, 0
614830, 231070, 0, 0, 0, 94, 8, 7
613850, 229650, 146, 9, 6, 0, 0, 0
613363, 230187, 0, 0, 0, 0, 0, 3
606300, 221620, 722, 10, 3, 0, 0, 0
606340, 223650, 0, 0, 2, 39, 8, 3
607042, 224195, 0, 0, 0, 0, 2, 2
623810, 222660, 0, 0, 0, 1, 1, 1
620210, 220490, 78, 3, 1, 0, 0, 0
624030, 222590, 0, 0, 0, 67, 3, 0
623370, 224600, 1026, 4, 0, 0, 0, 0
621930, 218890, 0, 0, 0, 117, 2, 1
620274, 218887, 0, 0, 0, 9, 0, 1
610190, 219710, 0, 0, 1, 111, 8, 1
611750, 222900, 0, 0, 0, 0, 3, 1
610480, 221550, 0, 0, 0, 123, 3, 1
612940, 220610, 39, 5, 2, 157, 1, 0
608990, 226520, 34, 10, 2, 26, 1, 0
607340, 227150, 0, 0, 0, 1, 4, 5
620650, 229020, 0, 0, 0, 51, 5, 1
608250, 232870, 1167, 11, 7, 0, 0, 0
607580, 231290, 7, 4, 2, 6, 0, 0
614270, 224870, 0, 0, 0, 109, 3, 5
611960, 225700, 0, 0, 0, 158, 5, 3
611140, 225800, 14, 7, 1, 0, 0, 0
606880, 231840, 0, 0, 0, 3, 4, 7
609090, 228140, 19, 9, 4, 0, 0, 0
616740, 220470, 75, 6, 0, 0, 0, 0
619070, 219390, 0, 0, 0, 23, 3, 1
617760, 219370, 0, 0, 0, 42, 0, 1
608970, 230760, 0, 0, 0, 227, 8, 2
612510, 230750, 0, 0, 0, 15, 8, 7
619400, 230110, 0, 0, 0, 184, 9, 9
622240, 230730, 0, 0, 0, 3, 2, 3
613750, 215370, 72, 4, 2, 0, 0, 0
615938, 218166, 0, 2, 0, 0, 0, 0
611747, 214513, 0, 0, 0, 242, 3, 1
612780, 222680, 100, 5, 5, 0, 0, 0
615850, 223980, 0, 0, 0, 0, 1, 1
614380, 224040, 95, 4, 3, 0, 0, 0
623145, 220793, 0, 0, 0, 13, 2, 0
619200, 220590, 0, 0, 0, 323, 4, 0
615560, 224200, 0, 1, 3, 1, 0, 1
615010, 222340, 0, 0, 0, 72, 0, 1
615020, 218970, 0, 0, 0, 265, 1, 1
614909, 221404, 35, 4, 1, 0, 0, 0
617243, 229591, 0, 0, 0, 25, 9, 5
559150, 239270, 0, 0, 0, 26, 3, 6
558220, 240640, 0, 0, 0, 19, 2, 5
559660, 241820, 58, 8, 4, 0, 0, 0
557800, 242370, 0, 0, 0, 147, 5, 6
544940, 239940, 0, 0, 0, 133, 4, 0
544939, 239173, 8, 5, 0, 15, 0, 0
545310, 233080, 211, 4, 2, 13, 0, 0
556337, 229840, 0, 0, 0, 0, 1, 1
557280, 231490, 0, 0, 0, 47, 3, 2
557067, 234491, 0, 0, 0, 0, 0, 1
547620, 239800, 0, 0, 0, 459, 3, 2
548712, 238330, 25, 4, 0, 0, 0, 0
549100, 224640, 204, 0, 3, 0, 0, 0
554510, 228440, 0, 0, 0, 22, 5, 1
548400, 226390, 473, 0, 1, 63, 0, 0
548400, 229010, 600, 1, 0, 47, 0, 0
545546, 231026, 27, 4, 1, 2, 0, 0
552486, 230475, 33, 4, 3, 0, 0, 0
558359, 237746, 0, 0, 0, 27, 4, 3
553227, 237763, 0, 0, 0, 0, 0, 3
556550, 239360, 43, 3, 5, 0, 0, 0
554446, 234094, 76, 4, 2, 0, 0, 0
549490, 238720, 45, 2, 4, 0, 0, 0
557550, 238530, 24, 3, 2, 10, 0, 0
557680, 240140, 0, 0, 0, 26, 5, 5
554353, 240872, 0, 0, 0, 3, 1, 2
551219, 224970, 28, 0, 3, 0, 0, 0
553900, 223860, 21, 1, 1, 0, 0, 0
552510, 228910, 300, 1, 1, 161, 0, 0
546420, 237330, 27, 3, 1, 0, 0, 1
551788, 236003, 24, 3, 3, 0, 0, 0
555590, 230770, 0, 0, 0, 4, 2, 2
548360, 235580, 0, 0, 0, 10, 1, 2
557590, 237480, 0, 0, 0, 61, 3, 3
560230, 234760, 0, 0, 0, 42, 8, 1
560633, 235161, 0, 0, 0, 0, 1, 0
560256, 235339, 2, 6, 0, 9, 0, 0
559671, 235539, 0, 0, 0, 0, 0, 1
556026, 236000, 0, 0, 0, 3, 0, 2
580500, 221210, 53, 9, 6, 0, 0, 0
581210, 225530, 8, 3, 6, 33, 5, 1
575270, 217730, 0, 0, 0, 456, 1, 1
574010, 218530, 0, 0, 0, 12, 3, 1
587615, 221853, 0, 0, 0, 0, 1, 0
589590, 207870, 7, 1, 1, 41, 2, 0
585180, 216401, 0, 0, 0, 43, 10, 9
584950, 221021, 0, 0, 0, 2, 4, 5
587190, 212250, 50, 4, 4, 0, 0, 0
587045, 212712, 20, 6, 2, 0, 0, 0
586230, 212910, 43, 4, 3, 0, 0, 0
576810, 213460, 0, 0, 0, 80, 4, 0
582680, 220470, 4, 5, 2, 59, 4, 4
584100, 214760, 0, 0, 0, 194, 6, 0
588220, 211440, 502, 3, 4, 0, 0, 0
587950, 209660, 10, 1, 2, 0, 0, 0
577530, 214540, 0, 0, 0, 813, 2, 2
594590, 212870, 0, 0, 0, 53, 3, 2
596320, 209440, 0, 0, 0, 99, 6, 0
596420, 213850, 394, 8, 1, 51, 0, 0
589250, 214130, 0, 0, 0, 2, 4, 2
592760, 208520, 149, 11, 0, 19, 0, 0
591980, 211482, 0, 0, 0, 12, 9, 3
591850, 215720, 0, 0, 0, 0, 1, 1
596937, 214234, 46, 3, 2, 0, 0, 0
575890, 218820, 1, 2, 3, 0, 0, 0
578080, 218460, 0, 0, 0, 185, 3, 2
577589, 219443, 0, 0, 0, 88, 7, 3
582209, 211720, 24, 3, 2, 0, 0, 0
582540, 211570, 0, 0, 0, 0, 2, 2
576676, 222170, 4, 6, 0, 0, 0, 0
580290, 234400, 0, 0, 0, 37, 8, 7
581570, 229921, 0, 0, 0, 0, 0, 5
569770, 231774, 67, 7, 5, 23, 0, 0
593570, 226940, 1854, 25, 11, 185, 0, 0
596937, 214234, 44, 5, 2, 0, 0, 0
582860, 218280, 308, 12, 5, 0, 0, 0
586640, 205570, 0, 0, 0, 149, 5, 1
584945, 205413, 181, 5, 2, 0, 0, 0
573760, 202140, 193, 2, 0, 0, 0, 0
570866, 209637, 0, 0, 0, 0, 1, 0
573328, 203224, 0, 0, 0, 118, 3, 0
544107, 225340, 0, 0, 0, 2, 1, 1
544947, 227907, 0, 0, 0, 0, 0, 1
543840, 216780, 20, 2, 0, 0, 0, 0
544689, 229253, 7, 0, 1, 0, 0, 0
520780, 201400, 116, 1, 0, 32, 0, 0
546737, 222126, 0, 0, 0, 7, 0, 1
550500, 223500, 0, 0, 0, 2, 1, 0
546960, 217020, 0, 0, 0, 32, 3, 0
532460, 225270, 0, 0, 0, 20, 1, 2
532690, 226290, 0, 0, 0, 14, 1, 0
538280, 224290, 136, 0, 0, 46, 1, 0
540380, 224310, 0, 0, 0, 17, 0, 1
539430, 226190, 38, 1, 0, 0, 0, 0
531804, 229194, 0, 0, 0, 24, 1, 0
541160, 229810, 0, 0, 0, 31, 0, 1
539020, 230010, 0, 0, 0, 14, 1, 0
544660, 233280, 18, 3, 2, 0, 0, 0
537360, 225780, 0, 0, 0, 32, 1, 1
537400, 227140, 920, 2, 1, 0, 0, 0
535257, 227167, 0, 0, 0, 5, 1, 0
536590, 230850, 0, 0, 0, 193, 2, 0
529776, 206276, 0, 0, 0, 0, 1, 0
525180, 234640, 31, 1, 0, 54, 0, 0
525057, 234609, 0, 0, 0, 12, 1, 1
517310, 233080, 0, 0, 0, 39, 0, 1
517460, 232850, 0, 0, 0, 19, 1, 0
518240, 227340, 40, 1, 0, 95, 0, 0
516860, 225050, 0, 0, 0, 59, 1, 0
514875, 222561, 27, 2, 0, 0, 0, 0
523480, 232600, 0, 0, 0, 58, 1, 0
520908, 233490, 218, 2, 1, 47, 0, 0
520314, 221753, 0, 0, 0, 12, 1, 0
527936, 232070, 167, 1, 0, 0, 0, 0
524690, 232190, 0, 0, 0, 31, 0, 2
526080, 240340, 0, 0, 0, 345, 2, 0
529040, 236690, 0, 0, 0, 14, 2, 1
527380, 240280, 216, 2, 1, 0, 0, 0
526080, 240039, 124, 1, 0, 0, 0, 0
539930, 239450, 0, 0, 0, 4, 3, 1
540107, 237641, 0, 0, 0, 3, 1, 2
533470, 238660, 4037, 1, 1, 0, 0, 0
541470, 234820, 0, 0, 0, 77, 3, 1
534020, 232310, 0, 0, 0, 15, 1, 1
532890, 231970, 0, 0, 0, 121, 1, 0
533930, 237140, 21, 0, 1, 0, 0, 0
534010, 237490, 0, 0, 0, 9, 1, 1
529658, 223658, 0, 0, 0, 89, 0, 1
529680, 224020, 0, 0, 0, 3, 1, 0
534020, 223420, 0, 0, 0, 1, 0, 1
529490, 218400, 63, 1, 0, 66, 0, 0
531877, 217048, 203, 1, 0, 0, 0, 0
530010, 218380, 0, 0, 0, 257, 0, 1
540590, 211300, 0, 0, 0, 6, 1, 0
538064, 217131, 0, 0, 0, 1, 0, 1
533830, 220740, 0, 0, 0, 8, 1, 0
525756, 214636, 0, 0, 0, 0, 1, 0
510490, 215430, 0, 0, 0, 64, 1, 0
530360, 204940, 1310, 1, 0, 0, 0, 0
590940, 172670, 59, 1, 0, 0, 0, 0
510220, 315870, 0, 0, 0, 13, 1, 0
510770, 315170, 0, 0, 0, 9, 1, 0
541160, 324850, 0, 0, 0, 7, 4, 0
537732, 319889, 0, 0, 0, 1, 2, 0
544584, 329633, 0, 0, 0, 138, 0, 1
535940, 315680, 70, 1, 0, 0, 0, 0
534700, 312460, 0, 0, 0, 4, 0, 1
533170, 310290, 0, 0, 0, 30, 0, 1
534390, 319240, 0, 0, 0, 29, 1, 0
548480, 324638, 0, 0, 0, 5, 1, 0
549084, 323904, 0, 0, 0, 19, 1, 0
537718, 310552, 0, 0, 0, 186, 0, 1
536647, 311911, 109, 1, 0, 0, 0, 0
536861, 313412, 0, 0, 0, 5, 0, 1
536437, 312233, 0, 0, 0, 0, 1, 0
538220, 318810, 122, 1, 0, 0, 0, 0
537010, 317260, 253, 1, 1, 0, 0, 0
521890, 312300, 0, 0, 0, 20, 0, 1
531040, 317610, 109, 1, 0, 15, 0, 0
524980, 316450, 125, 1, 0, 133, 0, 0
524130, 317060, 0, 0, 0, 12, 1, 0
526714, 323908, 47, 0, 2, 0, 0, 0
525420, 319220, 97, 1, 0, 12, 0, 0
529810, 325620, 280, 1, 0, 94, 0, 0
527415, 321896, 6, 1, 0, 0, 0, 0
531970, 314560, 180, 3, 0, 0, 0, 0
520760, 339632, 0, 0, 0, 12, 1, 0
523980, 341310, 0, 0, 0, 48, 0, 1
540970, 317720, 36, 1, 0, 0, 0, 0
489330, 374140, 10, 1, 0, 0, 0, 0
638390, 310950, 0, 0, 0, 39, 0, 1
640520, 308710, 192, 1, 1, 0, 0, 0
639980, 309550, 0, 0, 0, 5, 0, 1
639593, 307970, 0, 0, 0, 5, 1, 0
636660, 308430, 0, 0, 0, 47, 1, 1
637990, 309490, 15, 1, 0, 85, 0, 0
637342, 310921, 0, 0, 0, 36, 0, 1
639760, 305160, 0, 0, 0, 185, 1, 0
637570, 304440, 0, 0, 0, 33, 3, 0
641040, 304130, 2475, 1, 1, 127, 0, 0
628640, 310350, 0, 0, 0, 88, 5, 0
630483, 310512, 0, 0, 0, 143, 3, 2
630160, 307620, 0, 0, 0, 145, 2, 1
639720, 307730, 0, 0, 0, 6, 1, 0
637250, 311400, 0, 0, 0, 8, 2, 1
636830, 312650, 0, 0, 0, 110, 0, 1
635550, 307550, 23, 2, 1, 0, 0, 0
636530, 306860, 0, 0, 0, 133, 0, 1
640070, 313100, 0, 0, 0, 42, 0, 1
570380, 302920, 0, 0, 0, 18, 6, 9
569620, 300850, 0, 0, 0, 0, 0, 3
562708, 288859, 4, 3, 16, 0, 0, 0
560480, 299490, 0, 0, 0, 7, 6, 4
562980, 298500, 108, 6, 9, 284, 0, 5
551140, 302390, 0, 0, 0, 5, 2, 3
549386, 303182, 0, 0, 0, 49, 5, 3
564410, 300910, 34, 8, 17, 0, 0, 0
561270, 291350, 0, 0, 0, 16, 3, 7
562960, 295480, 618, 12, 11, 0, 0, 0
561224, 291237, 0, 0, 0, 0, 0, 1
571190, 299700, 9, 5, 11, 14, 0, 1
570656, 299749, 0, 0, 0, 0, 1, 6
556670, 305460, 0, 0, 0, 49, 4, 5
564110, 307020, 296, 10, 21, 8, 0, 0
555370, 305170, 0, 0, 0, 215, 7, 6
551680, 302400, 0, 0, 0, 4, 1, 4
553590, 294750, 276, 5, 3, 108, 1, 0
552790, 304090, 0, 0, 0, 8, 0, 3
549847, 303116, 0, 0, 0, 6, 4, 3
550599, 302468, 0, 0, 0, 0, 0, 1
554628, 294443, 59, 6, 5, 0, 0, 0
567990, 301410, 0, 0, 0, 0, 1, 5
568470, 301450, 3, 6, 3, 62, 2, 3
566890, 303790, 0, 0, 0, 173, 12, 11
569175, 299761, 0, 0, 0, 22, 5, 9
569048, 299563, 0, 0, 0, 0, 0, 1
569810, 299940, 39, 9, 14, 16, 1, 0
575340, 301774, 7, 8, 9, 0, 0, 0
568752, 306387, 0, 0, 0, 0, 0, 2
571770, 311710, 0, 0, 0, 137, 7, 3
574590, 312990, 0, 1, 3, 0, 0, 0
567730, 305400, 11, 6, 7, 0, 0, 0
569300, 307230, 0, 0, 0, 140, 5, 5
565710, 308580, 0, 0, 0, 259, 5, 5
562284, 311371, 0, 0, 0, 12, 7, 3
564800, 312590, 693, 7, 9, 108, 0, 0
615200, 289490, 0, 0, 0, 60, 9, 12
615647, 289732, 12, 7, 13, 0, 0, 0
614720, 288250, 22, 6, 17, 16, 0, 0
615520, 291530, 3, 2, 8, 0, 0, 0
615473, 291042, 0, 0, 0, 31, 3, 8
619600, 297140, 123, 4, 0, 161, 0, 0
619680, 298630, 18, 7, 8, 5, 0, 0
617260, 299300, 0, 0, 0, 8, 6, 7
610980, 294450, 21, 7, 11, 1, 1, 0
614754, 291429, 167, 13, 11, 176, 3, 3
611750, 294250, 46, 5, 15, 0, 0, 0
616852, 293479, 0, 0, 0, 0, 0, 2
611730, 290640, 0, 0, 0, 1, 1, 6
611857, 291454, 0, 0, 0, 0, 0, 3
610260, 291500, 0, 0, 0, 27, 12, 11
610952, 293029, 8, 4, 12, 47, 3, 2
610380, 291190, 138, 8, 16, 0, 0, 0
608544, 293895, 0, 0, 0, 0, 4, 8
610946, 291406, 0, 0, 0, 0, 0, 3
618500, 297570, 64, 14, 3, 69, 0, 1
619340, 297750, 0, 0, 0, 213, 4, 4
619360, 296790, 64, 12, 4, 0, 0, 0
621920, 303840, 1941, 9, 10, 145, 0, 0
618250, 297470, 48, 7, 6, 7, 0, 0
616110, 292110, 0, 0, 0, 207, 5, 7
616740, 294611, 16, 9, 9, 0, 0, 0
615900, 294122, 0, 0, 0, 0, 0, 4
616480, 292620, 18, 8, 9, 0, 0, 0
624610, 292760, 0, 0, 0, 1, 2, 3
625010, 293070, 0, 0, 0, 42, 4, 4
624940, 294140, 0, 0, 0, 103, 2, 6
625530, 294860, 0, 0, 0, 167, 5, 10
621180, 295290, 0, 0, 0, 11, 3, 5
624467, 293589, 0, 0, 0, 4, 3, 3
623630, 293110, 0, 0, 0, 4, 5, 6
616420, 289161, 0, 0, 0, 0, 1, 3
623630, 297710, 0, 0, 0, 22, 6, 0
623040, 296970, 1611, 5, 6, 0, 0, 0
621387, 297520, 0, 0, 0, 1, 2, 3
624240, 296490, 0, 0, 0, 18, 4, 7
623400, 291180, 0, 0, 0, 79, 7, 10
622290, 289820, 28, 6, 11, 0, 0, 0
624300, 290030, 66, 4, 9, 2, 0, 0
625830, 296090, 0, 0, 0, 63, 4, 2
623500, 300080, 0, 0, 0, 90, 1, 4
629370, 297160, 0, 0, 0, 7, 3, 3
620150, 291990, 0, 0, 0, 160, 5, 4
620069, 293154, 0, 0, 0, 114, 10, 5
623430, 300920, 0, 0, 0, 181, 1, 4
623090, 302020, 171, 3, 4, 0, 0, 0
620930, 295650, 0, 0, 0, 36, 6, 5
619766, 295919, 31, 2, 7, 0, 0, 0
615809, 299266, 0, 0, 0, 0, 3, 3
618880, 295540, 1, 3, 1, 51, 5, 1
618550, 293680, 0, 0, 0, 293, 1, 3
617700, 296110, 0, 0, 0, 279, 3, 2
617930, 295780, 0, 0, 0, 227, 7, 6
621740, 288680, 0, 0, 0, 26, 1, 5
610050, 289020, 0, 0, 0, 139, 15, 18
610345, 288815, 10, 2, 11, 0, 0, 0
617950, 290640, 0, 0, 0, 22, 7, 7
617900, 291980, 0, 0, 0, 0, 1, 2
607940, 283630, 0, 0, 0, 0, 0, 8
612700, 282560, 0, 0, 0, 62, 13, 18
608240, 283120, 0, 0, 0, 5, 2, 14
607661, 283602, 0, 0, 0, 0, 0, 6
607260, 281730, 0, 0, 0, 20, 5, 17
604072, 279764, 63, 10, 24, 0, 0, 0
607930, 284630, 0, 0, 3, 0, 0, 0
608580, 283304, 0, 0, 0, 0, 0, 1
615860, 282890, 0, 0, 0, 14, 7, 10
613676, 283268, 0, 0, 0, 0, 0, 6
616456, 282509, 0, 0, 0, 0, 0, 4
621130, 282750, 25, 4, 9, 0, 0, 0
613090, 281520, 0, 0, 0, 4, 4, 17
611324, 278786, 7, 1, 13, 0, 0, 0
614564, 284855, 0, 0, 0, 8, 2, 8
609770, 280970, 14, 4, 13, 27, 1, 1
610686, 279704, 0, 0, 0, 1, 2, 8
616520, 278380, 0, 0, 0, 0, 0, 3
615450, 281070, 0, 0, 0, 1095, 12, 18
610870, 282660, 15, 3, 11, 0, 0, 0
609030, 285840, 0, 0, 0, 131, 11, 16
610100, 284380, 10, 8, 16, 0, 0, 0
618100, 287280, 39, 8, 9, 10, 1, 1
616826, 286190, 30, 9, 11, 59, 2, 2
611400, 285440, 0, 0, 0, 348, 9, 17
610800, 286020, 20, 3, 17, 0, 0, 0
627120, 286130, 0, 0, 0, 17, 1, 5
627046, 286981, 0, 0, 0, 5, 2, 2
625631, 287919, 0, 0, 0, 0, 0, 2
626660, 287173, 0, 0, 0, 14, 4, 4
613950, 279110, 896, 14, 27, 726, 2, 1
621343, 279671, 0, 0, 0, 44, 9, 14
628160, 288480, 0, 0, 0, 92, 8, 3
625980, 289180, 0, 0, 0, 3, 0, 3
626200, 288640, 0, 0, 0, 109, 8, 6
627480, 288490, 0, 0, 0, 0, 1, 5
633120, 289070, 0, 0, 0, 488, 4, 2
632320, 289480, 0, 0, 0, 47, 1, 3
631808, 289228, 0, 0, 0, 36, 3, 4
623255, 283206, 0, 0, 0, 211, 11, 10
623470, 282075, 0, 0, 0, 209, 6, 11
622403, 281921, 0, 0, 0, 61, 6, 3
620020, 288030, 0, 0, 0, 25, 4, 5
622580, 288340, 0, 0, 0, 345, 6, 11
618633, 284184, 0, 0, 0, 0, 0, 2
618500, 284920, 0, 0, 0, 12, 1, 13
622190, 280280, 0, 0, 0, 272, 10, 11
621759, 288323, 1, 3, 10, 0, 0, 0
624350, 284830, 0, 0, 0, 241, 6, 14
623570, 287890, 9, 4, 8, 0, 0, 0
623437, 287924, 0, 0, 0, 0, 0, 1
628270, 285830, 0, 0, 0, 252, 4, 5
627518, 285195, 0, 0, 0, 0, 0, 1
648756, 317412, 0, 0, 0, 4, 1, 0
644638, 314952, 0, 0, 0, 49, 2, 1
643050, 318190, 0, 0, 0, 87, 1, 0
642410, 318550, 0, 0, 0, 106, 1, 0
644050, 315890, 0, 0, 0, 0, 0, 1
645920, 311720, 0, 0, 0, 504, 1, 1
611980, 318750, 0, 0, 0, 2, 1, 2
601660, 320250, 0, 0, 0, 5, 2, 0
601110, 324210, 0, 0, 0, 55, 1, 0
613170, 320830, 130, 0, 2, 0, 0, 0
616357, 317616, 26, 1, 2, 0, 0, 0
604281, 318193, 28, 5, 1, 24, 0, 0
605990, 315860, 121, 7, 2, 0, 0, 0
603460, 324310, 0, 0, 0, 19, 0, 3
603960, 325970, 0, 0, 0, 42, 1, 0
604880, 324770, 0, 0, 0, 20, 1, 3
603157, 324267, 0, 0, 0, 1, 1, 0
602858, 325088, 0, 0, 0, 5, 0, 1
602339, 322685, 0, 0, 0, 66, 0, 1
601690, 328520, 24, 1, 1, 0, 0, 0
603074, 324397, 0, 0, 0, 3, 3, 0
603150, 321930, 0, 0, 0, 41, 2, 3
603993, 321730, 0, 0, 0, 76, 3, 3
603840, 323160, 0, 0, 0, 102, 3, 0
604420, 321880, 0, 0, 0, 4, 4, 1
609110, 320640, 0, 0, 0, 236, 2, 0
608544, 319171, 0, 0, 0, 0, 1, 1
608310, 328400, 0, 0, 0, 12, 3, 0
604550, 329640, 0, 0, 0, 62, 2, 1
603840, 328100, 144, 0, 1, 0, 0, 0
606750, 317610, 0, 0, 0, 40, 5, 2
609310, 317040, 0, 0, 0, 248, 2, 1
609380, 324490, 0, 0, 0, 18, 1, 2
607918, 325258, 0, 0, 0, 98, 1, 0
607180, 324110, 0, 0, 0, 60, 0, 2
608947, 324234, 53, 1, 1, 0, 0, 0
607720, 323130, 531, 1, 4, 0, 0, 0
608900, 321410, 37, 1, 2, 0, 0, 0
607689, 323557, 0, 0, 0, 22, 2, 1
613866, 313962, 44, 4, 4, 5, 0, 0
611790, 326600, 0, 0, 0, 108, 1, 1
609830, 323750, 182, 0, 1, 114, 0, 0
607270, 319050, 0, 0, 0, 139, 4, 0
603371, 324294, 0, 0, 0, 773, 0, 5
606130, 324540, 0, 0, 0, 54, 0, 3
605750, 324051, 0, 0, 0, 0, 0, 1
606292, 329252, 20, 3, 0, 4, 0, 0
606279, 329368, 0, 0, 0, 2, 0, 1
601700, 324391, 0, 0, 0, 0, 1, 1
602160, 324390, 0, 0, 0, 10, 1, 1
612050, 315830, 0, 0, 0, 149, 3, 1
601400, 327140, 0, 0, 0, 42, 0, 1
600900, 328440, 0, 0, 0, 5, 1, 0
609737, 306369, 0, 0, 0, 32, 4, 7
609140, 307180, 492, 7, 5, 0, 0, 0
607780, 309320, 0, 0, 0, 27, 3, 6
607490, 307350, 38, 3, 5, 0, 0, 0
604870, 301480, 0, 0, 0, 2, 4, 9
604330, 299990, 82, 5, 15, 465, 0, 5
605440, 301190, 0, 0, 0, 45, 5, 10
606030, 301820, 89, 8, 5, 35, 0, 1
604410, 300820, 133, 8, 12, 0, 0, 0
605800, 302510, 0, 0, 0, 281, 8, 9
605004, 298888, 0, 0, 0, 0, 0, 1
605088, 301145, 28, 3, 13, 0, 0, 0
602900, 300750, 0, 0, 0, 8, 2, 9
601597, 302671, 0, 0, 0, 24, 2, 8
602363, 301243, 254, 11, 16, 2, 0, 0
605765, 299548, 0, 0, 0, 0, 0, 1
606532, 306272, 0, 0, 0, 486, 2, 18
605550, 309980, 0, 0, 0, 39, 2, 7
607030, 307720, 3, 2, 4, 3, 0, 0
606780, 309740, 0, 0, 0, 105, 9, 10
605950, 309700, 0, 0, 0, 78, 4, 7
605550, 308910, 0, 0, 0, 16, 3, 6
606100, 309860, 0, 0, 0, 0, 0, 1
605369, 309343, 0, 0, 0, 20, 5, 5
611680, 306660, 65, 3, 4, 0, 0, 0
610480, 303760, 132, 6, 6, 0, 0, 0
609900, 303130, 154, 7, 11, 19, 0, 0
613860, 301900, 0, 0, 0, 6, 7, 4
610870, 298250, 0, 0, 0, 0, 0, 1
608990, 298430, 0, 0, 0, 71, 5, 10
612340, 297860, 0, 0, 0, 24, 3, 5
610070, 301490, 7, 3, 3, 0, 0, 0
612850, 296950, 0, 0, 0, 0, 0, 7
610100, 299070, 0, 0, 0, 67, 6, 2
611520, 295610, 0, 0, 0, 74, 6, 8
610770, 304510, 322, 9, 13, 0, 0, 0
607840, 297640, 0, 0, 0, 0, 0, 3
609870, 297380, 0, 1, 4, 2, 1, 2
605550, 302060, 0, 0, 0, 23, 2, 9
611500, 301500, 0, 0, 0, 1, 1, 4
610670, 299960, 0, 0, 0, 70, 4, 11
609442, 298749, 0, 0, 0, 0, 1, 2
611695, 304648, 0, 0, 0, 0, 0, 4
610000, 303737, 0, 0, 0, 0, 0, 2
616760, 310970, 17, 2, 4, 4, 0, 0
613620, 310050, 269, 8, 3, 155, 0, 0
613819, 310858, 0, 0, 0, 10, 3, 2
612780, 309200, 35, 2, 2, 135, 1, 2
612744, 308979, 0, 0, 0, 35, 5, 6
610720, 309360, 0, 0, 0, 0, 1, 1
611030, 308560, 0, 0, 0, 9, 3, 5
614100, 296320, 0, 0, 0, 1, 1, 4
614580, 296760, 0, 0, 0, 407, 12, 7
615789, 296972, 0, 0, 0, 7, 4, 2
613870, 295370, 0, 0, 0, 12, 3, 4
615680, 298980, 0, 0, 0, 2, 1, 5
567470, 320160, 0, 0, 0, 155, 1, 3
566750, 320740, 0, 0, 0, 111, 2, 3
566420, 318890, 161, 6, 4, 142, 0, 0
581980, 318030, 0, 0, 0, 7, 5, 6
570860, 321400, 0, 0, 0, 15, 2, 1
574240, 316450, 1502, 5, 3, 0, 0, 0
560020, 313720, 0, 0, 0, 1, 3, 2
571700, 317680, 0, 0, 0, 0, 3, 0
546025, 309838, 0, 0, 0, 82, 2, 1
573350, 322400, 0, 0, 0, 25, 2, 3
570150, 321150, 0, 0, 0, 163, 4, 2
567660, 313950, 0, 0, 0, 10, 2, 8
572042, 322224, 0, 0, 0, 13, 1, 2
572200, 326050, 0, 0, 0, 0, 0, 1
572010, 316340, 0, 0, 0, 12, 3, 6
565300, 316170, 0, 0, 0, 276, 9, 3
564879, 314802, 0, 0, 0, 26, 5, 8
564360, 315460, 0, 0, 0, 19, 3, 4
568880, 313360, 0, 0, 0, 430, 5, 7
573080, 313170, 0, 0, 0, 1, 2, 3
573110, 313302, 25, 3, 4, 0, 0, 0
570030, 312470, 0, 0, 0, 80, 4, 5
572659, 313943, 0, 0, 0, 10, 3, 2
572613, 313944, 0, 0, 0, 9, 4, 4
573380, 313270, 76, 2, 5, 90, 3, 0
569610, 324360, 173, 2, 1, 0, 0, 0
570140, 323390, 0, 0, 0, 62, 3, 1
570630, 327450, 541, 1, 3, 278, 1, 0
564670, 325230, 93, 1, 0, 209, 1, 0
564433, 324272, 0, 0, 0, 89, 4, 0
577901, 315218, 1278, 6, 11, 101, 1, 0
582750, 309460, 0, 0, 0, 428, 5, 10
563030, 314750, 0, 0, 0, 119, 5, 5
566940, 314110, 0, 0, 0, 91, 4, 7
563310, 316190, 0, 0, 0, 42, 1, 2
558710, 319950, 0, 0, 0, 22, 1, 2
556870, 319230, 0, 0, 0, 92, 3, 0
559633, 320017, 0, 0, 0, 0, 1, 0
558340, 319458, 0, 0, 0, 15, 2, 2
546580, 306680, 0, 0, 0, 328, 3, 5
549890, 308632, 162, 2, 2, 0, 0, 0
550980, 306230, 33, 3, 2, 0, 0, 0
552989, 320053, 45, 2, 2, 0, 0, 0
553897, 317959, 40, 3, 1, 0, 0, 0
556559, 324841, 0, 0, 0, 52, 1, 1
547597, 321378, 0, 0, 0, 48, 1, 1
553983, 315326, 0, 0, 0, 5, 3, 1
556259, 316913, 0, 0, 0, 4, 2, 1
555240, 318120, 31, 5, 3, 0, 0, 0
556950, 318570, 0, 0, 0, 24, 0, 2
554021, 313997, 0, 0, 0, 9, 2, 0
548000, 317700, 0, 0, 0, 7, 2, 0
548630, 309030, 17, 2, 1, 2, 0, 0
550046, 318118, 15, 2, 2, 0, 0, 0
551920, 319380, 0, 0, 0, 9, 2, 1
549930, 313880, 31, 3, 0, 0, 0, 0
549490, 315360, 0, 0, 0, 130, 3, 0
561010, 315520, 0, 0, 0, 384, 2, 1
560766, 315657, 0, 0, 0, 3, 2, 2
558471, 314475, 0, 0, 0, 0, 1, 2
550600, 319990, 0, 0, 0, 22, 4, 0
546390, 316220, 0, 0, 0, 664, 0, 2
552250, 312480, 0, 0, 0, 101, 3, 1
579340, 331720, 0, 0, 0, 76, 2, 0
576820, 333340, 30, 1, 0, 0, 0, 0
589882, 327327, 18, 3, 3, 0, 0, 0
583894, 330868, 1413, 6, 4, 1, 0, 0
592190, 335540, 188, 0, 1, 0, 0, 0
593021, 329912, 1098, 4, 6, 0, 0, 0
593450, 326930, 0, 0, 0, 240, 3, 1
593224, 331775, 0, 0, 0, 164, 1, 0
589900, 327180, 0, 0, 0, 17, 4, 4
600744, 335152, 0, 0, 0, 232, 1, 0
593355, 330994, 0, 0, 0, 3, 1, 0
597270, 331110, 0, 0, 0, 182, 1, 0
599557, 332904, 0, 0, 0, 6, 1, 0
596550, 327450, 0, 0, 0, 127, 2, 2
595761, 327328, 0, 0, 0, 2, 1, 0
596766, 327706, 0, 0, 0, 10, 0, 1
595379, 327335, 0, 0, 0, 1, 1, 1
590975, 328657, 0, 0, 0, 0, 0, 2
581710, 328210, 0, 0, 0, 21, 0, 1
596625, 331615, 0, 0, 0, 13, 1, 0
600440, 328460, 0, 0, 0, 26, 1, 0
590585, 330593, 0, 0, 0, 3, 0, 1
588120, 334110, 0, 0, 0, 3, 4, 1
584930, 329440, 0, 0, 0, 0, 2, 1
584875, 329472, 26, 7, 3, 0, 0, 0
581980, 325720, 0, 0, 0, 5, 0, 3
573110, 295410, 28, 5, 11, 0, 0, 0
570660, 294920, 0, 0, 0, 98, 10, 21
578760, 295050, 733, 7, 26, 0, 0, 0
574500, 291780, 17, 12, 9, 0, 0, 0
569838, 294983, 0, 0, 0, 130, 19, 25
573759, 296106, 12, 4, 13, 0, 0, 0
571151, 294839, 0, 0, 0, 0, 1, 3
571030, 295130, 0, 0, 0, 68, 9, 12
570530, 297330, 0, 0, 0, 193, 8, 11
575070, 297470, 0, 0, 0, 16, 8, 14
572367, 298346, 0, 0, 0, 20, 6, 11
587270, 286180, 0, 0, 0, 1, 9, 28
578436, 297635, 140, 3, 21, 0, 0, 0
570150, 290530, 0, 0, 0, 22, 5, 19
572560, 288480, 0, 0, 0, 1, 1, 5
573120, 288410, 0, 0, 0, 0, 1, 7
571500, 288290, 0, 0, 0, 228, 6, 15
572528, 288169, 0, 0, 0, 7, 3, 12
572240, 286900, 0, 0, 0, 16, 9, 15
570867, 287062, 0, 0, 0, 0, 2, 9
587450, 293580, 15121, 20, 61, 0, 0, 0
582780, 292950, 0, 2, 8, 0, 0, 0
581690, 289880, 48, 10, 33, 0, 0, 0
587570, 279910, 628, 20, 48, 193, 0, 1
593428, 283242, 0, 0, 0, 0, 0, 7
580451, 300173, 1598, 8, 23, 0, 0, 0
591714, 282204, 0, 0, 0, 5, 5, 18
577433, 287933, 0, 0, 0, 113, 10, 24
577682, 288497, 0, 0, 0, 0, 0, 9
577329, 287884, 0, 0, 0, 31, 12, 17
577839, 288229, 0, 0, 0, 1, 1, 11
575360, 288740, 139, 19, 20, 0, 0, 0
602982, 294590, 0, 0, 0, 0, 0, 3
603400, 293450, 0, 0, 0, 36, 8, 16
605154, 295729, 0, 0, 0, 243, 9, 10
602710, 293620, 0, 0, 0, 4, 5, 12
604430, 293111, 85, 11, 19, 0, 0, 0
604270, 289860, 0, 0, 0, 84, 11, 27
606960, 288980, 0, 0, 0, 59, 11, 26
604700, 288345, 17, 12, 23, 0, 0, 0
605370, 287550, 0, 0, 0, 0, 0, 1
609700, 289140, 99, 11, 18, 0, 0, 0
607272, 287678, 0, 0, 0, 0, 0, 3
606280, 287830, 0, 0, 0, 0, 1, 7
605950, 287595, 0, 0, 0, 15, 3, 12
607307, 289515, 0, 0, 0, 0, 0, 2
602430, 290470, 599, 20, 15, 15, 0, 1
605616, 287471, 0, 0, 0, 0, 0, 2
606930, 297130, 71, 11, 7, 0, 0, 0
601730, 280630, 0, 0, 0, 0, 0, 2
601289, 279397, 0, 0, 0, 1, 1, 10
592510, 283320, 0, 0, 0, 0, 0, 2
599750, 288390, 0, 0, 0, 1, 2, 11
603840, 291040, 15, 3, 19, 0, 0, 0
600250, 281540, 0, 0, 0, 55, 10, 16
601900, 283240, 0, 0, 0, 498, 15, 35
601580, 298210, 22, 6, 7, 0, 0, 0
602791, 296900, 0, 0, 0, 0, 0, 2
601960, 296680, 9, 6, 12, 0, 0, 0
600664, 295895, 0, 0, 0, 5, 3, 10
603290, 284160, 0, 0, 0, 3, 4, 11
604230, 285110, 0, 0, 0, 3, 8, 12
605640, 284940, 0, 0, 0, 49, 9, 11
605780, 285530, 322, 13, 24, 28, 0, 0
609520, 290180, 0, 0, 0, 141, 17, 13
598703, 296514, 0, 0, 0, 0, 0, 5
604043, 283008, 0, 0, 0, 0, 0, 4
605570, 291710, 0, 0, 0, 15, 5, 15
608350, 290480, 0, 0, 0, 13, 5, 9
608080, 292860, 0, 0, 0, 0, 0, 6
599630, 297630, 137, 16, 23, 0, 0, 0
600700, 294820, 0, 0, 0, 0, 1, 4
597100, 286110, 0, 0, 0, 1883, 19, 27
598890, 289140, 0, 0, 0, 242, 11, 31
595890, 287350, 66, 7, 25, 0, 0, 0
598030, 293120, 3, 5, 18, 0, 0, 0
599210, 296480, 475, 8, 20, 90, 0, 1
595020, 301410, 686, 16, 20, 25, 0, 0
598390, 292180, 0, 1, 6, 1, 1, 3
600060, 291400, 0, 0, 0, 352, 12, 17
604595, 280314, 2, 1, 15, 0, 0, 0
600950, 285010, 0, 0, 0, 233, 10, 28
598830, 286460, 0, 0, 0, 74, 13, 21
597450, 285870, 1972, 14, 33, 323, 1, 0
612144, 284994, 0, 0, 0, 55, 8, 14
600740, 285634, 0, 0, 0, 0, 0, 2
599162, 286782, 0, 0, 0, 0, 0, 3
592770, 298780, 197, 21, 30, 15, 0, 1
593070, 290910, 0, 0, 0, 0, 0, 2
591080, 288570, 40, 19, 47, 0, 0, 0
603690, 336970, 0, 0, 0, 19, 1, 2
606920, 332420, 1186, 1, 0, 156, 0, 0
606067, 332713, 0, 0, 0, 14, 0, 1
606430, 332010, 3, 0, 1, 15, 0, 0
606470, 332810, 2795, 1, 0, 148, 0, 0
609440, 331960, 0, 0, 0, 64, 1, 0
607110, 333860, 0, 0, 0, 199, 2, 0
610381, 334594, 186, 1, 0, 0, 0, 0
609821, 332874, 0, 0, 0, 0, 1, 0
600870, 334740, 49, 1, 1, 0, 0, 0
607510, 336500, 582, 0, 1, 0, 0, 0
605880, 339220, 0, 0, 0, 62, 1, 0
602930, 330260, 0, 0, 0, 57, 0, 1
606930, 342910, 0, 0, 0, 51, 1, 1
604830, 334990, 0, 0, 0, 92, 1, 2
599433, 331629, 0, 0, 0, 258, 0, 2
645330, 292440, 0, 0, 0, 268, 2, 1
646150, 294390, 0, 0, 0, 385, 3, 1
645990, 295670, 0, 0, 0, 182, 2, 0
644622, 294539, 0, 0, 0, 3, 1, 0
632650, 302550, 0, 0, 0, 10, 0, 1
628490, 291350, 0, 0, 0, 5, 4, 1
628820, 293430, 0, 0, 0, 120, 5, 3
628730, 298110, 35, 2, 2, 0, 0, 0
630780, 299110, 0, 0, 0, 88, 2, 0
635990, 297210, 0, 0, 0, 46, 3, 1
628020, 299750, 0, 0, 0, 4, 1, 2
634931, 291107, 0, 0, 0, 45, 3, 3
632200, 299290, 0, 0, 0, 13, 2, 0
631170, 301230, 0, 0, 0, 1, 2, 0
630942, 300148, 0, 0, 0, 4, 0, 2
635250, 303060, 0, 0, 0, 452, 0, 1
633630, 303860, 0, 0, 0, 34, 1, 0
631840, 293420, 0, 0, 0, 28, 2, 4
634080, 290220, 0, 0, 0, 17, 2, 2
633410, 292950, 0, 0, 0, 319, 1, 1
637110, 291460, 0, 0, 0, 256, 2, 5
637700, 291640, 0, 0, 0, 181, 2, 0
636130, 294040, 0, 0, 0, 1, 1, 1
641800, 292200, 0, 0, 0, 135, 2, 1
634090, 287990, 0, 0, 0, 18, 3, 1
644990, 297480, 0, 0, 0, 60, 1, 0
637690, 299250, 0, 0, 0, 169, 2, 0
637740, 296310, 0, 0, 0, 14, 2, 0
637610, 297980, 0, 0, 0, 110, 2, 0
638587, 300805, 0, 0, 0, 229, 2, 1
639880, 300480, 0, 0, 0, 171, 1, 1
632040, 303760, 0, 0, 0, 2, 3, 1
631640, 303310, 597, 2, 1, 90, 0, 0
631550, 302844, 0, 0, 0, 8, 1, 0
628560, 298650, 0, 0, 0, 399, 4, 7
617550, 296330, 0, 0, 0, 94, 5, 5
638430, 292880, 0, 0, 0, 181, 3, 2
630214, 296815, 0, 0, 0, 29, 0, 2
638820, 302710, 48, 1, 1, 4, 0, 0
637220, 301840, 0, 0, 0, 122, 1, 0
635960, 303730, 0, 0, 0, 522, 1, 0
638010, 301250, 149, 1, 1, 0, 0, 0
637490, 301590, 0, 0, 0, 33, 1, 0
636080, 302570, 0, 0, 0, 71, 0, 3
635654, 297288, 0, 0, 0, 6, 1, 1
637650, 297390, 0, 0, 0, 210, 0, 2
633840, 297840, 0, 0, 0, 72, 4, 2
631905, 297196, 0, 0, 0, 1, 0, 1
632488, 295897, 19, 4, 0, 1, 0, 0
641910, 299310, 0, 0, 0, 138, 1, 0
632540, 298798, 0, 0, 0, 193, 1, 2
644524, 297028, 0, 0, 0, 68, 0, 1
640646, 298040, 41, 1, 0, 6, 0, 0
640907, 298711, 30, 1, 0, 4, 0, 0
639720, 296700, 0, 0, 0, 318, 1, 0
631937, 296087, 0, 0, 0, 107, 1, 2
634890, 298750, 0, 0, 0, 76, 2, 0
633900, 300040, 0, 0, 0, 255, 0, 1
632770, 295430, 10, 1, 0, 1, 0, 0
641610, 291090, 0, 0, 0, 89, 1, 2
626200, 292240, 0, 0, 0, 54, 2, 2
623670, 290930, 0, 0, 0, 296, 5, 4
627610, 293640, 0, 0, 0, 125, 2, 7
625520, 291950, 0, 0, 0, 18, 3, 1
626920, 292110, 0, 0, 0, 9, 5, 1
626690, 293640, 0, 0, 0, 3, 2, 3
627490, 294890, 0, 0, 0, 523, 6, 4
630270, 296010, 0, 0, 0, 74, 1, 0
628390, 302290, 90, 0, 3, 0, 0, 0
628560, 303070, 0, 0, 0, 9, 2, 3
627152, 304791, 0, 0, 0, 0, 1, 0
628650, 303770, 29, 4, 3, 100, 1, 3
617540, 305830, 20, 0, 2, 60, 2, 2
626992, 301343, 0, 0, 0, 16, 5, 3
632800, 304770, 0, 0, 0, 6, 0, 1
631420, 305880, 354, 0, 5, 114, 0, 0
631863, 306916, 20, 2, 1, 0, 0, 0
590110, 315690, 7, 1, 2, 0, 0, 0
589020, 314890, 286, 4, 7, 0, 0, 0
590370, 316890, 0, 0, 0, 45, 4, 2
589480, 316710, 0, 0, 0, 35, 2, 3
592110, 315410, 12, 1, 0, 10, 0, 0
589040, 317350, 159, 1, 8, 0, 0, 0
590411, 315601, 19, 6, 0, 0, 0, 0
589390, 318140, 0, 0, 0, 0, 0, 2
598360, 318430, 1534, 7, 4, 0, 0, 0
597600, 318090, 0, 0, 0, 122, 5, 2
596030, 317430, 0, 0, 0, 12, 5, 1
593815, 318754, 0, 0, 0, 94, 2, 2
595610, 319910, 0, 0, 0, 52, 0, 3
595800, 305710, 0, 0, 0, 405, 6, 9
599060, 303830, 479, 12, 23, 0, 0, 0
600830, 304110, 0, 0, 0, 0, 0, 4
599590, 310840, 0, 0, 0, 166, 5, 6
603260, 312320, 0, 0, 0, 2, 2, 5
600850, 314480, 0, 0, 0, 288, 3, 7
602075, 313089, 0, 0, 0, 10, 3, 1
599377, 315106, 0, 0, 0, 0, 3, 1
596670, 315640, 0, 0, 0, 49, 5, 6
599900, 307900, 0, 0, 0, 20, 1, 6
600311, 311931, 0, 0, 0, 2, 1, 1
599240, 321530, 173, 2, 3, 45, 0, 0
603750, 321150, 0, 0, 0, 325, 4, 3
598660, 320560, 107, 3, 2, 0, 0, 0
598615, 322952, 0, 0, 0, 22, 2, 3
602494, 307787, 0, 0, 0, 210, 2, 5
601958, 306029, 0, 0, 0, 7, 1, 6
602650, 307340, 0, 0, 0, 57, 2, 8
603684, 309055, 0, 0, 0, 0, 2, 2
603108, 307403, 1, 0, 1, 43, 0, 4
602554, 307832, 35, 11, 4, 0, 0, 0
596350, 324090, 210, 4, 2, 97, 0, 0
588128, 313958, 0, 0, 0, 0, 0, 1
595370, 316520, 0, 0, 0, 64, 4, 3
597360, 316760, 28, 1, 3, 7, 0, 0
597200, 315370, 0, 0, 0, 3, 0, 1
597050, 316840, 10, 4, 4, 3, 0, 0
597149, 316693, 17, 1, 3, 3, 0, 0
601590, 303920, 0, 0, 0, 250, 6, 5
604800, 305680, 0, 0, 0, 0, 0, 2
608620, 312870, 0, 0, 0, 140, 4, 0
607643, 313305, 73, 3, 2, 1, 0, 0
599041, 312531, 0, 0, 0, 26, 4, 7
593330, 323660, 0, 0, 2, 1, 0, 0
586512, 313018, 20, 6, 6, 0, 0, 0
593406, 315077, 0, 0, 0, 0, 0, 1
603470, 310920, 3, 1, 0, 234, 4, 2
605510, 310970, 65, 2, 3, 5, 0, 0
604640, 312010, 0, 0, 0, 10, 0, 7
604729, 311208, 0, 0, 0, 13, 1, 5
588620, 319220, 0, 0, 0, 3, 2, 3
591630, 319330, 0, 0, 0, 175, 3, 2
591211, 317093, 0, 0, 0, 0, 1, 1
592885, 321597, 1798, 2, 4, 99, 0, 0
591840, 318780, 0, 0, 0, 213, 6, 4
591101, 319344, 0, 0, 0, 0, 0, 1
605739, 314926, 0, 0, 0, 16, 2, 3
606010, 314800, 937, 11, 8, 0, 0, 0
603302, 313978, 0, 0, 0, 269, 10, 5
604460, 313930, 0, 0, 0, 26, 4, 2
606748, 315979, 107, 3, 2, 0, 0, 0
604260, 312180, 0, 0, 0, 125, 4, 0
585470, 323810, 787, 2, 6, 0, 0, 0
582750, 320020, 0, 0, 1, 0, 0, 0
595430, 312780, 0, 0, 0, 1, 1, 4
598290, 312530, 0, 0, 0, 447, 8, 7
597530, 309890, 0, 0, 0, 5, 5, 7
595850, 307560, 0, 0, 0, 153, 2, 9
600410, 307420, 0, 0, 0, 708, 3, 10
598920, 310440, 0, 0, 0, 29, 2, 7
595350, 305470, 74, 10, 5, 0, 0, 0
592131, 329509, 0, 0, 0, 82, 1, 3
596260, 308970, 0, 0, 0, 0, 1, 3
594850, 312216, 0, 0, 0, 0, 0, 4
598750, 309950, 0, 0, 0, 103, 7, 8
596972, 308910, 0, 0, 0, 1, 1, 5
596230, 309110, 14, 2, 7, 0, 0, 0
599359, 316828, 0, 0, 0, 34, 2, 1
602910, 317400, 0, 0, 0, 195, 5, 5
601756, 316910, 22, 2, 4, 0, 0, 0
602932, 315598, 4, 4, 2, 0, 0, 0
601960, 315936, 130, 6, 2, 0, 0, 0
588400, 320340, 0, 0, 0, 243, 6, 8
590500, 322670, 777, 1, 1, 0, 0, 0
583350, 323260, 0, 0, 0, 325, 4, 3
593319, 312882, 0, 0, 0, 0, 0, 1
598330, 309590, 14, 4, 3, 85, 1, 4
593430, 321270, 0, 0, 0, 540, 0, 2
591807, 323379, 393, 1, 4, 0, 0, 0
591408, 330892, 30, 0, 2, 0, 0, 0
601342, 310991, 0, 0, 0, 35, 1, 3
601730, 311800, 0, 0, 0, 117, 1, 2
601070, 311210, 0, 0, 0, 12, 1, 4
600121, 310301, 17, 2, 3, 0, 0, 0
601342, 310991, 1, 1, 1, 0, 0, 0
618540, 333080, 58, 0, 1, 82, 0, 0
618580, 334590, 0, 0, 0, 8, 1, 0
625860, 333280, 0, 0, 0, 20, 0, 1
618270, 338520, 0, 0, 0, 39, 1, 0
612760, 337050, 0, 0, 0, 26, 0, 1
612170, 336810, 0, 0, 0, 96, 0, 1
621910, 335950, 0, 0, 0, 603, 1, 0
623440, 330440, 0, 0, 0, 33, 1, 0
623446, 330651, 0, 0, 0, 20, 1, 0
597090, 340650, 0, 0, 0, 151, 1, 0
598290, 342060, 535, 1, 0, 0, 0, 0
600407, 338627, 28, 2, 0, 0, 0, 0
594807, 334723, 1267, 2, 2, 0, 0, 0
592922, 337866, 0, 0, 0, 248, 2, 1
594520, 343060, 0, 0, 0, 96, 1, 0
594620, 339930, 0, 0, 0, 422, 1, 0
595880, 342900, 0, 0, 0, 233, 0, 1
596300, 339530, 0, 0, 0, 205, 0, 2
592067, 343212, 0, 0, 0, 51, 1, 1
593760, 339530, 464, 1, 0, 0, 0, 0
618880, 300950, 927, 8, 5, 142, 0, 0
576500, 336380, 0, 0, 0, 181, 1, 0
575690, 335710, 0, 0, 0, 1043, 1, 0
576820, 338060, 0, 0, 0, 40, 0, 1
580060, 338850, 0, 0, 0, 16, 1, 0
579333, 334323, 0, 0, 0, 3, 0, 1
583418, 337704, 485, 1, 1, 0, 0, 0
572860, 340490, 0, 0, 0, 136, 1, 0
572210, 335300, 222, 1, 1, 0, 0, 0
571112, 336741, 52, 0, 2, 50, 1, 0
586410, 336460, 0, 0, 0, 67, 2, 0
587290, 335580, 827, 2, 0, 3, 0, 0
586990, 335781, 0, 0, 0, 13, 1, 1
579777, 338658, 0, 0, 0, 10, 0, 2
567450, 336380, 0, 0, 0, 91, 1, 1
568280, 332350, 141, 1, 1, 3, 0, 0
572770, 331770, 0, 0, 0, 43, 3, 2
568913, 333915, 0, 0, 0, 95, 1, 1
619110, 325210, 0, 0, 0, 3, 1, 0
620869, 329456, 0, 0, 0, 0, 0, 1
628870, 318210, 0, 0, 0, 92, 1, 0
625206, 324122, 0, 0, 0, 1, 0, 1
624700, 322660, 0, 0, 0, 69, 1, 0
620168, 321739, 1525, 0, 2, 583, 0, 0
623706, 322102, 0, 0, 0, 3, 1, 0
628550, 328750, 0, 0, 0, 33, 1, 0
613710, 323240, 0, 0, 0, 3, 0, 2
615590, 323710, 0, 0, 0, 64, 1, 2
613320, 322940, 0, 0, 0, 207, 1, 2
614450, 323290, 0, 0, 0, 9, 1, 0
617650, 316440, 123, 2, 1, 92, 0, 0
614913, 322354, 19, 0, 1, 7, 0, 0
627042, 319766, 0, 0, 0, 0, 1, 1
626081, 320739, 0, 0, 0, 3, 2, 0
621490, 332660, 89, 1, 0, 0, 0, 0
620990, 322050, 0, 0, 0, 142, 1, 0
619090, 321940, 0, 0, 0, 152, 0, 3
620270, 320920, 2, 0, 0, 64, 2, 0
616530, 320230, 256, 2, 0, 53, 0, 0
615660, 329950, 0, 0, 0, 16, 1, 0
613960, 329230, 0, 0, 0, 175, 0, 2
626151, 329031, 0, 0, 0, 3, 0, 1
621820, 319970, 0, 0, 0, 6, 0, 1
616110, 320250, 0, 0, 0, 351, 0, 2
622620, 321880, 0, 0, 0, 736, 0, 2
622440, 324250, 1031, 1, 0, 129, 0, 0
577161, 308021, 0, 0, 0, 193, 4, 8
574610, 306670, 58, 8, 24, 20, 0, 0
575053, 307617, 0, 0, 0, 0, 0, 1
580280, 304670, 0, 0, 0, 8, 1, 11
580420, 304380, 0, 0, 0, 0, 1, 3
576923, 303786, 0, 0, 0, 0, 0, 4
577310, 298840, 0, 0, 0, 8, 3, 12
578670, 306730, 43, 5, 8, 0, 0, 0
575180, 301170, 0, 0, 0, 83, 11, 24
575700, 298870, 123, 12, 14, 248, 1, 3
584930, 302400, 14, 7, 11, 0, 0, 0
582590, 301550, 0, 0, 0, 5, 3, 12
581350, 299950, 722, 27, 40, 0, 0, 0
589225, 307156, 0, 0, 0, 0, 0, 1
590802, 307840, 0, 0, 0, 0, 0, 1
588320, 300250, 0, 0, 0, 31, 3, 22
574310, 311480, 0, 0, 0, 50, 3, 2
579850, 309570, 0, 0, 0, 176, 6, 9
587650, 310380, 109, 2, 8, 0, 0, 0
588700, 309120, 0, 0, 0, 251, 11, 10
586030, 306220, 0, 0, 0, 0, 3, 7
586433, 306749, 19, 3, 4, 9, 0, 1
585150, 305750, 0, 0, 0, 3, 0, 7
572470, 300780, 588, 14, 23, 0, 0, 0
580960, 314444, 16, 5, 7, 0, 0, 0
584600, 305570, 0, 0, 0, 268, 13, 16
578840, 298070, 0, 0, 0, 369, 10, 16
586380, 305190, 0, 0, 0, 3, 4, 9
584669, 312337, 0, 0, 0, 74, 3, 5
584750, 311330, 0, 0, 0, 94, 10, 8
579750, 307530, 0, 0, 0, 7, 3, 4
578456, 309468, 7, 2, 5, 0, 0, 0
590730, 308780, 179, 9, 14, 2, 0, 0
594200, 304780, 0, 0, 0, 95, 8, 10
613850, 315700, 0, 0, 0, 65, 3, 2
617060, 312590, 0, 0, 0, 74, 3, 1
619130, 313690, 60, 1, 6, 0, 0, 0
621050, 314390, 0, 0, 0, 221, 6, 1
624280, 317240, 0, 0, 0, 120, 2, 2
624860, 320070, 0, 0, 0, 109, 1, 0
626450, 323460, 0, 0, 0, 64, 2, 0
625521, 316939, 0, 0, 0, 92, 2, 1
623710, 317180, 15, 1, 0, 0, 0, 0
621245, 318770, 0, 0, 0, 43, 1, 0
622680, 319321, 0, 0, 0, 4, 1, 0
622450, 317690, 0, 0, 0, 426, 2, 1
619070, 317630, 0, 0, 0, 202, 2, 1
619470, 314980, 0, 0, 0, 181, 5, 2
618640, 316460, 238, 3, 3, 0, 0, 0
618140, 315870, 7, 0, 1, 15, 0, 0
619485, 315615, 0, 0, 0, 5, 1, 3
617940, 315680, 1, 2, 0, 1, 0, 0
619360, 316570, 0, 0, 0, 47, 1, 1
620012, 314182, 0, 0, 0, 0, 0, 2
624718, 317560, 0, 0, 0, 24, 1, 0
621960, 316980, 0, 0, 0, 3, 0, 1
626313, 319166, 0, 0, 0, 5, 1, 0
603379, 313089, 0, 0, 0, 4, 3, 1
627926, 313347, 0, 0, 0, 38, 1, 1
630690, 315190, 0, 0, 0, 64, 1, 0
630819, 313853, 0, 0, 0, 8, 0, 1
629640, 315610, 11, 1, 0, 4, 0, 0
629597, 315562, 0, 0, 0, 0, 0, 1
616180, 315810, 0, 0, 0, 499, 3, 1
627570, 317010, 0, 0, 0, 2, 0, 1
626750, 305020, 0, 0, 0, 375, 0, 2
625870, 303220, 0, 0, 0, 60, 5, 0
617070, 307970, 29, 0, 4, 0, 0, 0
619750, 302760, 0, 0, 0, 59, 6, 5
619222, 308689, 0, 0, 0, 3, 1, 4
616100, 304700, 0, 0, 0, 20, 8, 6
616860, 306190, 370, 7, 4, 0, 0, 0
635977, 314028, 6, 0, 0, 156, 1, 0
615260, 302700, 0, 0, 0, 307, 7, 6
614110, 302200, 27, 3, 6, 5, 0, 0
628400, 305100, 11, 2, 2, 10, 0, 0
616250, 306350, 0, 0, 0, 2860, 8, 3
616450, 306560, 0, 0, 0, 22, 2, 2
623449, 302142, 0, 0, 0, 129, 6, 2
625150, 302150, 11, 3, 5, 0, 0, 0
624630, 302070, 0, 0, 0, 0, 2, 1
623870, 300240, 54, 5, 4, 0, 0, 0
624370, 301960, 63, 5, 4, 0, 0, 0
631465, 332786, 0, 0, 0, 0, 1, 0
638024, 327376, 0, 0, 0, 20, 0, 1
637170, 328690, 58, 1, 0, 0, 0, 0
625850, 329030, 57, 1, 2, 0, 0, 0
629980, 328270, 107, 1, 0, 0, 0, 0
632470, 319540, 0, 0, 0, 17, 2, 1
630569, 320645, 63, 2, 0, 4, 0, 0
638750, 316530, 0, 0, 0, 211, 1, 0
637940, 317210, 672, 0, 2, 186, 0, 0
637799, 318810, 82, 1, 0, 0, 0, 0
634110, 320770, 0, 0, 0, 4, 1, 0
641300, 320180, 0, 0, 0, 3, 1, 0
642570, 319794, 135, 0, 1, 0, 0, 0
644930, 323930, 6, 0, 1, 0, 0, 0
633790, 323270, 213, 1, 0, 0, 0, 0
630040, 323890, 0, 0, 0, 4, 0, 2
588010, 303690, 0, 0, 0, 18, 8, 10
589240, 304870, 0, 0, 0, 20, 7, 7
591410, 306260, 0, 0, 0, 34, 10, 4
588120, 303640, 426, 1, 21, 0, 0, 0
596100, 301630, 0, 0, 0, 3, 5, 7
593981, 301693, 0, 0, 0, 0, 0, 3
595440, 297410, 0, 0, 0, 24, 6, 22
593930, 299310, 50, 10, 22, 14, 0, 0
600330, 299160, 40, 7, 12, 0, 0, 0
591920, 302730, 0, 0, 0, 1, 1, 6
591310, 304250, 0, 0, 0, 12, 8, 9
592850, 305720, 0, 0, 0, 15, 6, 8
588776, 301459, 0, 0, 0, 803, 12, 29
602590, 301160, 0, 0, 0, 0, 0, 1
597040, 296570, 132, 19, 18, 0, 0, 0
595649, 296198, 0, 0, 0, 0, 0, 1
592130, 297750, 0, 0, 0, 0, 2, 13
591861, 301607, 0, 0, 0, 0, 0, 4
552100, 297650, 205, 3, 9, 105, 1, 0
553910, 298380, 2590, 7, 4, 0, 0, 0
556830, 306700, 0, 0, 0, 82, 3, 4
555905, 308342, 0, 0, 0, 10, 3, 4
552175, 309593, 0, 0, 0, 4, 2, 1
551782, 308827, 0, 0, 0, 0, 0, 3
554683, 311003, 0, 0, 0, 0, 0, 1
554681, 310273, 0, 0, 0, 0, 1, 0
553783, 312490, 0, 0, 0, 0, 0, 1
621780, 314250, 0, 0, 0, 3, 2, 2
625580, 284020, 0, 0, 0, 54, 3, 5
623870, 283070, 0, 0, 0, 14, 3, 7
625290, 288200, 298, 6, 7, 0, 0, 0
627680, 287030, 0, 0, 0, 58, 4, 5
626060, 282190, 0, 0, 0, 291, 3, 10
624305, 288536, 0, 0, 0, 2, 1, 4
644840, 314950, 0, 0, 0, 58, 1, 0
644450, 313170, 0, 0, 0, 18, 0, 1
644040, 313560, 25, 0, 1, 5, 0, 0
644790, 314570, 37, 1, 0, 7, 0, 0
627799, 308867, 2427, 4, 4, 435, 0, 0
643457, 310727, 0, 0, 0, 0, 1, 0
561840, 323110, 0, 0, 0, 53, 1, 5
562404, 319411, 0, 0, 0, 22, 2, 2
565151, 322007, 0, 0, 0, 3, 0, 1
579165, 328788, 0, 0, 0, 290, 3, 3
598110, 334810, 0, 0, 0, 65, 1, 0
648990, 301570, 0, 0, 0, 27, 1, 1
647730, 303390, 0, 0, 0, 19, 2, 0
646050, 299850, 0, 0, 0, 5, 1, 0
648080, 303390, 0, 0, 0, 13, 1, 0
487091, 277738, 0, 0, 0, 12, 1, 0
503040, 289370, 186, 1, 0, 14, 0, 0
510860, 287830, 0, 0, 0, 21, 0, 1
495040, 295790, 405, 0, 0, 1021, 1, 0
508818, 291318, 463, 1, 0, 148, 0, 0
500026, 272364, 288, 2, 0, 148, 0, 0
492210, 259280, 0, 0, 0, 170, 1, 0
639390, 288340, 0, 0, 0, 38, 2, 2
639270, 288520, 145, 3, 1, 3, 0, 0
640540, 289721, 141, 2, 1, 7, 0, 0
634757, 288935, 0, 0, 0, 19, 4, 2
649815, 280989, 0, 0, 0, 2, 1, 0
639620, 291630, 11, 1, 1, 3, 0, 0
644110, 287050, 0, 0, 0, 87, 3, 0
644180, 287670, 0, 0, 0, 113, 0, 1
640010, 283970, 0, 0, 0, 54, 4, 1
639140, 285750, 0, 0, 0, 0, 1, 1
641870, 285700, 0, 0, 0, 129, 1, 2
640800, 288730, 0, 0, 0, 204, 0, 1
639703, 286723, 0, 0, 0, 1, 2, 1
637620, 290650, 0, 0, 0, 11, 2, 0
638080, 290500, 7, 0, 1, 58, 2, 0
645960, 286870, 0, 0, 0, 129, 0, 1
641920, 286540, 0, 0, 0, 0, 1, 0
643110, 286810, 99, 1, 2, 0, 0, 0
644404, 286089, 0, 0, 0, 23, 4, 1
648540, 290680, 0, 0, 0, 139, 0, 1
644258, 290173, 0, 0, 0, 18, 1, 0
645440, 259930, 0, 0, 0, 32, 5, 1
645310, 260180, 95, 5, 4, 5, 0, 0
636440, 263890, 1, 1, 1, 55, 5, 5
636660, 260170, 0, 0, 3, 1, 0, 0
635910, 260040, 0, 0, 0, 165, 8, 15
639790, 276670, 28, 6, 7, 38, 2, 3
641020, 277400, 0, 0, 0, 93, 4, 1
641400, 277400, 40, 1, 1, 0, 0, 0
644160, 275760, 548, 9, 3, 29, 0, 0
639830, 273120, 0, 0, 0, 282, 12, 7
638640, 273500, 0, 0, 0, 8, 0, 7
640424, 272149, 0, 0, 0, 49, 7, 1
638630, 274010, 0, 0, 0, 182, 12, 4
638820, 275160, 125, 3, 3, 60, 0, 0
638596, 272280, 0, 0, 0, 93, 3, 10
641910, 283620, 0, 0, 0, 27, 2, 0
640910, 283490, 0, 0, 0, 52, 4, 3
644260, 281980, 87, 3, 2, 2, 0, 0
636330, 277780, 45, 1, 2, 51, 0, 1
635020, 276680, 0, 0, 0, 3, 3, 4
635640, 277610, 17, 7, 4, 0, 0, 0
633864, 277741, 0, 0, 0, 1, 0, 4
634220, 278610, 0, 0, 0, 9, 7, 8
635302, 274919, 0, 0, 0, 0, 0, 2
631020, 274440, 16, 7, 10, 0, 0, 0
629940, 276420, 0, 0, 0, 35, 9, 6
631300, 274880, 0, 1, 3, 10, 3, 1
630610, 276180, 0, 0, 0, 60, 7, 3
629420, 276960, 27, 9, 8, 0, 0, 0
633400, 277880, 0, 0, 0, 61, 7, 4
631120, 272760, 139, 6, 8, 13, 1, 0
641640, 271200, 0, 0, 0, 11, 5, 3
641150, 268980, 0, 0, 0, 57, 6, 5
640720, 261300, 432, 4, 4, 89, 0, 0
641730, 260310, 0, 0, 0, 97, 6, 7
642570, 260350, 32, 5, 4, 37, 1, 1
639350, 277130, 0, 0, 0, 3, 1, 2
638270, 277520, 56, 5, 0, 98, 2, 1
638650, 278232, 15, 1, 6, 3, 0, 0
649610, 286370, 0, 0, 0, 10, 1, 0
634840, 274210, 2866, 9, 8, 0, 0, 0
641140, 277890, 17, 3, 3, 13, 0, 0
632460, 274020, 0, 0, 0, 58, 6, 9
643340, 265890, 29, 2, 5, 31, 0, 1
641170, 265180, 0, 0, 0, 71, 4, 7
637620, 264820, 0, 0, 0, 27, 11, 9
637481, 266238, 35, 5, 6, 0, 0, 0
638176, 264812, 15, 8, 10, 1, 0, 0
642880, 263680, 22, 7, 4, 0, 0, 0
630270, 276160, 0, 0, 0, 413, 7, 10
633120, 277670, 0, 0, 0, 5, 2, 5
631698, 278682, 0, 0, 0, 0, 0, 2
642710, 267790, 0, 0, 0, 63, 6, 8
643510, 266950, 0, 0, 0, 168, 7, 3
633210, 270650, 9, 5, 7, 0, 0, 0
634410, 271540, 0, 0, 0, 283, 9, 9
649264, 278005, 2, 2, 1, 0, 0, 0
634774, 280576, 0, 0, 0, 0, 2, 2
637700, 262900, 0, 0, 0, 2, 7, 4
635220, 266050, 0, 0, 0, 131, 10, 8
636480, 268730, 91, 6, 9, 0, 0, 0
638380, 259360, 41, 8, 10, 0, 0, 0
639877, 258173, 30, 11, 8, 0, 0, 0
639413, 258052, 0, 0, 0, 0, 0, 2
643020, 275600, 0, 0, 0, 50, 1, 3
643420, 279390, 3, 0, 0, 277, 5, 0
641670, 279450, 0, 0, 0, 27, 4, 3
649815, 280989, 0, 0, 0, 22, 3, 0
649890, 275910, 0, 0, 0, 395, 1, 1
639040, 280830, 0, 0, 0, 27, 9, 0
644880, 265960, 0, 0, 0, 178, 8, 4
643330, 265700, 5, 0, 2, 29, 1, 1
644200, 269630, 0, 0, 0, 34, 5, 3
641680, 271850, 1232, 10, 3, 66, 0, 0
642700, 273460, 0, 0, 0, 9, 3, 4
631970, 271870, 457, 7, 9, 201, 0, 0
631760, 272940, 0, 0, 0, 27, 5, 9
645650, 280550, 0, 0, 0, 76, 5, 0
637570, 274920, 0, 0, 0, 91, 7, 6
644930, 276590, 1314, 5, 4, 670, 0, 0
643250, 274780, 0, 3, 4, 0, 0, 0
641319, 275666, 0, 0, 0, 0, 1, 0
642660, 274190, 0, 0, 0, 169, 8, 5
640496, 274423, 0, 0, 0, 48, 4, 4
641920, 276450, 138, 1, 3, 64, 0, 0
639760, 280750, 0, 0, 0, 63, 3, 2
646100, 266410, 16, 6, 2, 10, 0, 0
643865, 270457, 0, 0, 0, 34, 4, 2
636070, 279711, 0, 0, 0, 128, 5, 5
639670, 267880, 0, 0, 0, 3, 4, 4
605900, 255350, 85, 10, 24, 0, 0, 0
607270, 256810, 0, 0, 0, 4, 4, 13
614520, 251490, 0, 0, 0, 70, 11, 19
612713, 251124, 0, 0, 0, 0, 0, 4
606720, 253560, 0, 0, 0, 0, 1, 9
606129, 254065, 0, 0, 0, 0, 0, 2
609420, 251680, 0, 0, 0, 4, 5, 9
611333, 252568, 143, 13, 24, 12, 0, 0
611010, 251930, 0, 0, 0, 152, 14, 20
612120, 245410, 0, 0, 0, 0, 1, 7
609500, 245720, 0, 0, 0, 0, 1, 4
610970, 248020, 0, 0, 0, 38, 10, 10
613020, 254160, 0, 0, 0, 0, 0, 2
612135, 257239, 0, 0, 0, 5, 3, 18
609840, 257590, 123, 9, 29, 0, 0, 0
609270, 255390, 0, 0, 0, 13, 8, 17
609841, 255855, 0, 0, 0, 0, 1, 5
609740, 257540, 22, 8, 21, 75, 1, 7
611900, 257160, 0, 0, 0, 15, 8, 15
607740, 246660, 0, 2, 4, 20, 5, 4
608419, 245709, 0, 0, 0, 0, 0, 3
615620, 255200, 0, 0, 0, 311, 12, 13
615967, 255355, 0, 0, 0, 0, 0, 2
610580, 249620, 44, 11, 10, 75, 2, 1
608790, 250590, 0, 0, 0, 70, 9, 19
618270, 240950, 0, 0, 0, 85, 11, 13
607140, 245810, 0, 0, 0, 0, 0, 2
611080, 259680, 143, 12, 23, 117, 3, 1
613550, 248680, 0, 0, 0, 0, 0, 3
614670, 248370, 0, 0, 0, 0, 0, 5
618060, 259080, 0, 0, 0, 31, 6, 10
619490, 258990, 123, 13, 21, 4, 0, 0
616386, 250785, 0, 0, 0, 2, 3, 3
616580, 250780, 24, 11, 12, 0, 0, 0
619800, 253280, 70, 14, 14, 34, 0, 0
618630, 253090, 0, 0, 0, 65, 15, 13
615940, 259470, 8, 4, 13, 0, 0, 0
614612, 259489, 42, 8, 23, 18, 0, 1
632400, 288060, 0, 0, 0, 0, 0, 3
639150, 291270, 0, 0, 0, 679, 2, 1
635540, 290730, 0, 0, 0, 779, 3, 1
632740, 287820, 2, 2, 2, 0, 0, 0
633735, 289831, 0, 0, 0, 0, 2, 0
630210, 285740, 0, 0, 0, 269, 4, 2
638830, 286090, 0, 0, 0, 7, 0, 3
638090, 287110, 0, 0, 0, 453, 4, 2
638340, 284420, 0, 0, 0, 32, 2, 4
636630, 285110, 0, 0, 0, 19, 3, 1
637810, 284310, 0, 0, 0, 1, 0, 1
637180, 284156, 0, 0, 0, 88, 4, 3
638050, 290710, 0, 0, 0, 218, 3, 0
635638, 290435, 0, 0, 0, 6, 2, 0
635970, 290837, 0, 0, 0, 11, 0, 1
633840, 281720, 0, 0, 0, 738, 4, 2
632840, 282310, 0, 0, 0, 10, 4, 5
629640, 283800, 0, 0, 0, 126, 4, 7
630800, 282930, 35, 4, 3, 59, 1, 1
632170, 283330, 41, 6, 4, 0, 0, 0
631020, 284180, 0, 0, 0, 18, 4, 3
635180, 282760, 5, 1, 3, 7, 0, 1
634010, 283830, 26, 2, 3, 78, 2, 1
632550, 283030, 113, 2, 4, 0, 0, 0
631400, 266700, 7, 6, 10, 0, 0, 0
631430, 268390, 0, 0, 0, 11, 6, 8
631640, 267150, 129, 7, 9, 0, 0, 0
631078, 268851, 0, 0, 0, 0, 0, 1
630597, 268345, 4, 12, 7, 0, 0, 0
631670, 270320, 0, 0, 0, 317, 4, 8
624380, 261580, 0, 0, 0, 5, 2, 13
623582, 260250, 0, 0, 4, 0, 0, 0
632230, 266890, 0, 0, 0, 24, 10, 8
632180, 266160, 14, 5, 7, 0, 0, 0
632300, 265720, 3, 4, 12, 0, 0, 0
631960, 266110, 17, 2, 6, 0, 0, 0
622550, 262010, 0, 0, 0, 25, 6, 7
622400, 259100, 7, 6, 17, 0, 0, 0
623470, 261480, 1, 2, 7, 0, 0, 0
618520, 263420, 373, 13, 18, 21, 1, 2
617060, 263860, 0, 0, 0, 0, 2, 9
629420, 267840, 0, 0, 0, 8, 3, 14
627111, 266939, 0, 0, 0, 3, 4, 9
630040, 272530, 0, 0, 0, 31, 5, 7
628165, 266748, 0, 0, 0, 3, 2, 4
623010, 262870, 0, 0, 0, 0, 1, 3
622678, 262237, 0, 0, 0, 0, 0, 6
622658, 262876, 0, 0, 0, 0, 0, 3
623756, 263130, 36, 8, 12, 0, 0, 0
627640, 258280, 101, 12, 11, 17, 1, 0
628300, 264470, 2, 2, 12, 0, 0, 0
630389, 263262, 0, 0, 0, 0, 0, 1
621110, 259520, 0, 0, 5, 0, 0, 0
619640, 261310, 0, 0, 0, 0, 0, 2
632990, 261410, 0, 0, 0, 47, 10, 8
634150, 261860, 292, 21, 11, 0, 0, 0
623850, 257150, 13, 5, 15, 0, 0, 0
618230, 264810, 0, 0, 0, 2, 1, 13
627320, 261220, 0, 0, 0, 78, 8, 10
628760, 257870, 0, 0, 0, 332, 7, 10
632560, 258870, 0, 0, 0, 50, 14, 5
621605, 265516, 11, 7, 15, 0, 0, 0
622710, 264910, 1, 0, 9, 0, 0, 0
631120, 260470, 0, 0, 0, 141, 9, 7
631570, 260410, 1, 5, 6, 0, 0, 0
635390, 266910, 129, 9, 8, 0, 0, 0
634900, 265130, 1, 5, 6, 0, 0, 0
634550, 264050, 87, 8, 12, 1, 1, 0
617920, 261700, 22, 10, 16, 1, 0, 0
604440, 264830, 0, 0, 0, 4, 7, 23
604490, 266390, 25, 11, 57, 0, 0, 0
606330, 265970, 0, 3, 19, 0, 0, 0
613355, 276419, 84, 9, 13, 0, 0, 0
615758, 276362, 0, 0, 0, 0, 0, 6
616320, 278060, 0, 0, 0, 181, 12, 16
608400, 263900, 17, 5, 22, 0, 0, 0
606390, 268580, 0, 0, 0, 103, 12, 26
607780, 265730, 47, 9, 28, 0, 0, 0
613870, 272550, 0, 0, 0, 328, 18, 19
615830, 273170, 0, 0, 0, 5, 3, 18
616560, 272350, 9, 11, 12, 0, 0, 0
615860, 273440, 1106, 12, 25, 0, 0, 0
605930, 270590, 0, 0, 0, 0, 0, 3
605853, 269981, 15, 14, 16, 3, 0, 0
611268, 268215, 17, 10, 26, 0, 0, 0
607450, 270660, 0, 0, 0, 94, 13, 23
605780, 271030, 0, 0, 0, 0, 0, 3
607580, 270890, 5, 7, 20, 0, 0, 0
608950, 274100, 0, 0, 0, 270, 9, 21
607970, 266350, 0, 0, 0, 190, 16, 35
611140, 263320, 3, 3, 13, 21, 3, 9
609790, 262770, 0, 0, 0, 0, 2, 9
609010, 266750, 17, 7, 27, 69, 3, 7
610640, 265800, 0, 0, 0, 2, 2, 11
610580, 277330, 0, 0, 0, 40, 12, 13
610439, 279158, 0, 0, 0, 0, 0, 2
619290, 274080, 17, 7, 10, 222, 7, 8
603840, 271700, 0, 0, 0, 1, 0, 10
604150, 274410, 16, 6, 21, 0, 0, 0
613349, 271526, 126, 16, 23, 3, 0, 0
611520, 270570, 20, 8, 14, 21, 0, 0
612700, 277080, 0, 0, 0, 11, 8, 12
611250, 267130, 0, 0, 6, 0, 0, 0
614846, 267242, 10, 8, 18, 0, 0, 0
613660, 270360, 0, 0, 0, 0, 0, 8
615300, 269230, 0, 0, 0, 46, 13, 24
611540, 277270, 0, 0, 0, 80, 15, 21
610850, 275600, 0, 0, 0, 0, 0, 2
612670, 276190, 22, 5, 19, 0, 0, 0
611291, 276427, 0, 0, 0, 5, 1, 11
614060, 263830, 0, 0, 0, 18, 6, 20
613692, 264433, 0, 0, 0, 0, 0, 3
606500, 279730, 0, 0, 0, 73, 9, 30
608450, 279060, 0, 0, 0, 92, 10, 28
609610, 277120, 0, 0, 0, 267, 21, 29
604730, 279260, 10, 8, 24, 0, 0, 0
609355, 277108, 0, 0, 0, 0, 0, 3
612680, 273420, 0, 0, 0, 28, 11, 19
612036, 273678, 0, 0, 0, 14, 7, 22
626510, 281670, 0, 0, 0, 151, 5, 6
627640, 280800, 0, 0, 0, 90, 9, 3
628659, 282440, 27, 7, 6, 0, 0, 0
627090, 282390, 0, 0, 0, 311, 8, 6
626750, 281330, 0, 1, 1, 25, 0, 4
630660, 277820, 0, 0, 0, 384, 4, 2
628780, 280500, 0, 0, 5, 0, 0, 0
623180, 279800, 0, 0, 0, 17, 8, 13
622380, 279790, 0, 0, 0, 82, 8, 11
623400, 280300, 0, 0, 0, 6, 2, 7
624092, 280148, 0, 0, 0, 261, 7, 13
623260, 281210, 548, 9, 5, 160, 0, 0
624190, 280660, 0, 0, 0, 28, 8, 7
618642, 267135, 0, 0, 0, 0, 0, 1
626450, 269500, 0, 0, 0, 0, 1, 3
626240, 279020, 0, 0, 0, 192, 8, 6
628440, 276950, 0, 0, 0, 110, 13, 8
621630, 272280, 0, 0, 0, 42, 9, 17
619420, 275570, 0, 0, 0, 0, 1, 5
619133, 277404, 0, 0, 0, 17, 3, 13
629320, 272990, 0, 0, 0, 0, 6, 4
630251, 270906, 0, 0, 0, 0, 0, 3
620440, 270010, 0, 0, 4, 44, 8, 10
626890, 273730, 0, 0, 0, 31, 8, 15
623550, 274510, 0, 0, 0, 51, 7, 14
625370, 275500, 0, 0, 0, 20, 6, 10
625760, 272080, 0, 0, 0, 110, 8, 10
626340, 274470, 0, 0, 0, 140, 4, 9
625263, 275765, 3, 5, 7, 0, 0, 0
620890, 268590, 0, 0, 0, 11, 2, 7
621040, 270700, 0, 0, 0, 0, 1, 10
620990, 269080, 3, 4, 7, 0, 0, 0
621700, 269460, 0, 0, 0, 49, 9, 9
623720, 268980, 0, 0, 0, 18, 9, 9
623660, 269880, 0, 0, 4, 0, 0, 0
623170, 278010, 0, 0, 0, 29, 7, 8
622830, 277107, 0, 0, 0, 0, 0, 2
649930, 299550, 0, 0, 0, 9, 2, 0
646950, 287640, 0, 0, 0, 21, 1, 0
648380, 287740, 0, 0, 0, 411, 2, 0
649271, 297765, 290, 1, 0, 103, 0, 0
612710, 241390, 136, 11, 5, 0, 0, 0
610200, 235760, 149, 25, 20, 0, 0, 0
612370, 234400, 74, 10, 2, 0, 0, 0
608772, 231802, 605, 10, 10, 59, 0, 0
609111, 245633, 0, 0, 0, 0, 1, 4
608780, 245490, 157, 13, 10, 0, 0, 0
608377, 238369, 1380, 10, 5, 12, 0, 0
608270, 241040, 25, 9, 10, 0, 0, 0
620461, 237378, 0, 0, 0, 2, 1, 4
610250, 240070, 0, 0, 0, 71, 10, 8
608210, 233890, 0, 0, 0, 0, 0, 1
607230, 234140, 21, 11, 7, 12, 1, 0
606380, 234620, 53, 15, 5, 0, 0, 0
620380, 234270, 0, 0, 0, 52, 6, 6
621501, 233948, 0, 0, 0, 0, 0, 1
616675, 238863, 0, 0, 0, 266, 11, 3
619607, 235388, 0, 0, 0, 0, 1, 2
603042, 236177, 0, 0, 0, 0, 4, 6
607415, 244550, 0, 0, 0, 0, 0, 5
616879, 236524, 0, 0, 0, 1, 0, 3
604740, 240090, 13, 11, 21, 0, 0, 0
603785, 237885, 5, 7, 10, 0, 0, 0
604931, 238515, 2, 2, 6, 0, 0, 0
602970, 238500, 6, 6, 8, 0, 0, 0
602010, 237200, 0, 0, 0, 309, 12, 10
623950, 235360, 0, 0, 0, 142, 7, 4
613435, 242792, 0, 0, 0, 1, 3, 6
610620, 244620, 0, 0, 0, 65, 10, 8
611555, 243195, 103, 8, 11, 0, 0, 0
605590, 233900, 241, 11, 11, 97, 0, 0
605280, 236030, 621, 14, 12, 0, 0, 0
610920, 241490, 0, 0, 0, 88, 13, 6
612163, 242424, 0, 0, 0, 0, 0, 3
607150, 238220, 123, 14, 9, 69, 2, 0
607130, 239060, 594, 14, 15, 0, 0, 0
615660, 239690, 0, 0, 0, 34, 7, 7
614520, 240420, 1, 0, 7, 11, 1, 2
599970, 257730, 4, 6, 24, 0, 0, 0
598450, 257550, 0, 0, 0, 0, 0, 2
600030, 257300, 0, 0, 0, 0, 0, 2
604900, 255710, 176, 14, 20, 195, 3, 2
604097, 256499, 155, 18, 21, 0, 0, 0
604132, 255844, 0, 0, 0, 0, 0, 3
611040, 253270, 0, 0, 0, 0, 0, 1
611480, 261870, 0, 0, 0, 0, 0, 1
600890, 255890, 46, 15, 28, 0, 0, 0
601760, 255770, 0, 0, 0, 13, 14, 13
607250, 263660, 0, 0, 0, 331, 12, 32
601030, 263190, 0, 0, 0, 0, 0, 5
601830, 262050, 0, 0, 0, 0, 1, 12
603998, 264103, 10, 14, 28, 0, 0, 0
603970, 260470, 0, 0, 0, 1, 1, 15
606010, 263790, 5, 5, 20, 0, 0, 0
604611, 258270, 3, 3, 12, 0, 1, 1
605990, 260460, 0, 0, 0, 61, 10, 27
609619, 261883, 1, 2, 14, 0, 0, 0
605330, 259810, 3, 4, 19, 0, 0, 0
645380, 256360, 0, 0, 0, 116, 3, 3
634806, 240380, 0, 0, 0, 0, 1, 2
635230, 256480, 12, 5, 5, 9, 0, 0
636202, 246809, 0, 0, 0, 0, 0, 1
638700, 248170, 0, 0, 0, 151, 2, 4
637604, 247009, 0, 0, 0, 10, 2, 2
637925, 247031, 0, 0, 0, 1, 2, 3
626460, 253560, 38, 10, 8, 134, 2, 2
625430, 243370, 0, 0, 0, 4, 3, 7
630230, 250530, 0, 0, 0, 0, 3, 4
625570, 242150, 25, 7, 4, 0, 0, 0
623230, 250300, 0, 0, 0, 0, 1, 5
632550, 255490, 0, 0, 0, 0, 1, 2
634210, 256120, 0, 0, 0, 79, 10, 18
632700, 255010, 166, 12, 13, 13, 0, 0
637670, 247450, 20, 8, 3, 0, 0, 0
625510, 255931, 1, 1, 7, 0, 0, 0
625310, 255890, 0, 0, 0, 0, 0, 3
639980, 250890, 0, 0, 0, 138, 9, 16
621160, 251990, 0, 0, 0, 5, 2, 9
624350, 255970, 0, 0, 0, 10, 3, 15
621571, 254517, 0, 0, 0, 0, 1, 3
627020, 255170, 0, 0, 0, 128, 11, 12
626551, 255006, 13, 6, 6, 3, 1, 0
631140, 251490, 0, 0, 0, 79, 3, 8
632850, 252720, 0, 0, 0, 499, 7, 13
631347, 251904, 0, 0, 0, 0, 0, 2
631070, 237260, 46, 2, 3, 353, 4, 2
622440, 251330, 0, 0, 0, 12, 4, 10
623161, 250306, 0, 1, 4, 0, 0, 0
622964, 250099, 15, 5, 8, 0, 0, 0
621640, 251030, 14, 7, 9, 0, 0, 0
625080, 250240, 0, 0, 0, 24, 9, 7
624250, 249700, 0, 0, 0, 26, 5, 9
625460, 249790, 0, 1, 3, 0, 0, 0
624797, 251832, 0, 0, 0, 12, 8, 5
628345, 242954, 0, 0, 0, 1, 2, 2
636180, 245130, 5, 2, 4, 2, 0, 0
637400, 245210, 0, 0, 0, 287, 7, 3
641400, 254630, 0, 0, 0, 108, 3, 3
643770, 255520, 804, 14, 2, 0, 0, 0
641430, 255200, 41, 7, 9, 1, 0, 0
622955, 240209, 0, 0, 0, 0, 0, 1
626660, 245920, 0, 0, 0, 13, 5, 9
626433, 245157, 9, 6, 10, 0, 0, 0
627550, 251760, 194, 15, 9, 0, 0, 0
627019, 242458, 0, 0, 0, 3, 4, 4
627100, 243580, 23, 8, 5, 0, 0, 0
642940, 250790, 0, 0, 0, 32, 5, 3
643029, 250550, 36, 5, 5, 0, 0, 0
642573, 250227, 0, 0, 0, 98, 2, 1
622510, 252650, 0, 0, 0, 34, 12, 5
619680, 254190, 0, 0, 0, 35, 6, 14
621660, 251220, 3, 2, 1, 158, 5, 4
619760, 254460, 0, 0, 0, 9, 7, 6
630980, 254154, 0, 0, 0, 4, 4, 7
629700, 255170, 0, 0, 0, 1, 4, 2
620410, 246650, 0, 0, 0, 23, 14, 9
630750, 243040, 0, 0, 0, 15, 4, 5
624260, 250560, 0, 0, 0, 97, 13, 12
642927, 252299, 1500, 4, 3, 489, 0, 0
644460, 254180, 918, 8, 1, 0, 0, 0
642544, 252730, 0, 0, 0, 1, 1, 3
628600, 246775, 63, 7, 8, 0, 0, 0
631210, 248080, 18, 11, 13, 0, 0, 0
618234, 254257, 41, 9, 5, 0, 0, 0
619180, 248840, 0, 0, 0, 0, 1, 5
619570, 247860, 169, 14, 12, 0, 0, 0
638930, 247940, 0, 0, 0, 15, 4, 3
630620, 255750, 0, 0, 0, 0, 0, 3
626420, 256089, 0, 0, 0, 7, 3, 5
617350, 249640, 48, 6, 8, 260, 3, 2
617440, 249880, 5, 6, 8, 11, 0, 1
618249, 252269, 0, 0, 0, 0, 1, 3
626488, 260231, 147, 21, 16, 12, 1, 0
571020, 274130, 0, 0, 0, 0, 0, 4
565890, 278390, 0, 0, 0, 645, 10, 18
577048, 286166, 0, 0, 0, 0, 0, 1
566665, 285698, 0, 0, 0, 0, 0, 4
582185, 279942, 4491, 27, 55, 0, 0, 0
572430, 277900, 11, 7, 28, 0, 0, 0
576756, 277226, 0, 0, 0, 393, 16, 44
579980, 271260, 216, 11, 35, 0, 0, 0
572440, 284120, 0, 0, 0, 53, 10, 15
572520, 284290, 0, 0, 0, 76, 14, 17
572033, 285206, 0, 0, 0, 0, 0, 4
571471, 282373, 0, 0, 0, 0, 0, 5
571320, 281830, 0, 0, 0, 83, 11, 13
571819, 282399, 0, 0, 0, 0, 0, 2
567007, 284167, 0, 0, 0, 0, 2, 12
571060, 282150, 89, 6, 20, 142, 3, 3
572250, 285180, 234, 10, 16, 408, 3, 4
577620, 280480, 0, 0, 0, 71, 13, 35
566690, 280830, 0, 0, 0, 0, 1, 10
567130, 275150, 0, 0, 0, 0, 0, 1
563740, 278670, 0, 0, 0, 329, 7, 14
570920, 277770, 0, 0, 1, 4, 2, 13
566800, 277980, 0, 0, 0, 0, 0, 7
568619, 275323, 0, 0, 0, 46, 7, 17
581955, 285274, 2, 5, 14, 0, 0, 0
574160, 270920, 0, 0, 0, 0, 0, 8
574072, 271652, 311, 17, 28, 109, 0, 1
573740, 272500, 0, 0, 0, 15, 9, 19
572840, 272210, 0, 0, 0, 0, 0, 4
575049, 283337, 0, 0, 0, 0, 0, 1
574858, 260027, 3, 4, 21, 0, 0, 0
567150, 265130, 1278, 38, 36, 0, 0, 0
569060, 264850, 2540, 22, 21, 0, 0, 0
569520, 264030, 704, 16, 16, 0, 0, 0
561760, 266100, 0, 0, 0, 208, 7, 17
563881, 263006, 0, 0, 0, 0, 0, 4
594200, 274050, 0, 0, 0, 6, 7, 20
596270, 271680, 36, 15, 35, 8, 0, 1
595170, 273310, 0, 0, 0, 0, 0, 12
594940, 275860, 0, 0, 0, 0, 0, 1
587600, 279140, 6, 6, 28, 0, 0, 0
584960, 278790, 2349, 29, 37, 0, 0, 0
590480, 277510, 0, 0, 0, 56, 10, 31
590808, 276812, 0, 0, 0, 8, 7, 15
599001, 278082, 0, 0, 0, 1, 0, 11
593310, 271330, 0, 0, 0, 244, 25, 28
591630, 268920, 0, 0, 0, 22, 12, 26
593523, 268005, 0, 0, 0, 0, 0, 3
596100, 275010, 11, 4, 26, 0, 0, 0
590099, 271853, 20, 10, 32, 0, 0, 0
584110, 270930, 0, 0, 0, 0, 1, 14
581850, 268400, 0, 0, 0, 286, 35, 68
577630, 269960, 0, 0, 0, 114, 12, 32
578603, 270026, 0, 0, 0, 460, 23, 33
582210, 271410, 0, 0, 0, 10, 9, 26
566310, 278270, 0, 0, 0, 148, 10, 16
581416, 270873, 0, 0, 0, 7, 6, 19
577550, 260800, 0, 0, 0, 1, 2, 9
580954, 254558, 19, 6, 22, 4, 0, 0
585190, 263540, 87, 28, 39, 0, 0, 0
592349, 274375, 31, 9, 36, 0, 0, 0
580109, 258111, 0, 0, 0, 0, 0, 3
580109, 258111, 0, 0, 0, 0, 0, 1
575250, 262560, 778, 28, 33, 11, 0, 0
585130, 257620, 0, 0, 0, 0, 0, 2
585800, 258810, 22, 10, 26, 0, 0, 0
586050, 258540, 4, 1, 14, 0, 0, 0
582958, 260879, 39, 17, 28, 0, 0, 0
584570, 261950, 0, 0, 0, 166, 11, 32
583290, 261600, 120, 17, 35, 0, 0, 0
586210, 261060, 0, 0, 2, 0, 1, 3
579712, 265970, 0, 0, 0, 9, 11, 22
583470, 255270, 4, 4, 17, 0, 0, 0
581390, 258300, 18, 7, 20, 7, 1, 1
583050, 258730, 0, 0, 0, 4, 6, 18
598923, 268982, 0, 0, 0, 0, 0, 3
598960, 274330, 0, 0, 0, 23, 6, 27
599350, 273650, 0, 0, 0, 0, 0, 1
600030, 274460, 0, 0, 3, 0, 0, 0
598560, 279650, 0, 0, 0, 46, 10, 29
599520, 280370, 0, 0, 0, 0, 0, 2
598920, 279250, 0, 0, 0, 0, 3, 13
598190, 277990, 0, 0, 0, 16, 4, 17
598790, 276270, 0, 0, 0, 0, 1, 12
595602, 266554, 0, 0, 0, 64, 17, 41
603680, 271880, 0, 0, 0, 0, 1, 9
603300, 272090, 0, 0, 0, 25, 11, 15
604240, 276390, 0, 0, 0, 0, 0, 9
600910, 275810, 0, 0, 0, 25, 7, 24
600270, 276030, 0, 1, 10, 31, 3, 7
600004, 276860, 0, 0, 0, 0, 1, 6
601310, 273470, 130, 11, 25, 0, 0, 0
600550, 272220, 1, 3, 13, 0, 0, 0
601009, 273895, 50, 20, 28, 0, 0, 0
600842, 274648, 0, 0, 4, 0, 0, 0
593992, 262757, 0, 0, 0, 0, 0, 2
590850, 256150, 0, 0, 0, 0, 0, 3
587410, 255240, 0, 0, 0, 3, 2, 12
591360, 258100, 0, 0, 3, 31, 8, 25
596200, 260630, 0, 0, 0, 0, 0, 4
595998, 261462, 0, 0, 0, 0, 0, 7
595076, 256647, 0, 0, 0, 0, 1, 12
598050, 256480, 0, 0, 0, 5, 5, 21
598024, 259055, 0, 0, 0, 5, 7, 22
589500, 268500, 0, 0, 0, 0, 4, 26
591094, 263543, 0, 0, 0, 169, 20, 44
594650, 264120, 1, 2, 15, 0, 0, 0
592209, 265690, 3, 7, 24, 0, 0, 0
596800, 262900, 60, 22, 26, 12, 0, 0
599267, 261753, 0, 0, 0, 0, 0, 5
595620, 239350, 0, 0, 0, 75, 16, 10
596810, 238590, 0, 0, 0, 149, 9, 11
597320, 239140, 0, 0, 0, 4, 3, 7
594920, 243320, 17, 10, 18, 1, 0, 0
597600, 238650, 0, 0, 0, 0, 0, 2
599744, 237552, 65, 13, 7, 0, 0, 0
599420, 237850, 8, 13, 6, 0, 0, 0
598110, 241230, 0, 0, 0, 63, 14, 19
597604, 254312, 3, 3, 18, 0, 0, 0
598257, 247944, 1177, 26, 40, 54, 0, 0
606610, 247830, 0, 0, 0, 2, 4, 10
604940, 245330, 0, 0, 0, 0, 1, 10
605722, 246700, 0, 0, 0, 0, 0, 3
605830, 242480, 0, 0, 0, 2, 6, 12
602450, 242960, 18, 14, 13, 0, 0, 0
602200, 240360, 0, 0, 0, 0, 1, 5
602020, 253360, 0, 0, 0, 84, 15, 27
600061, 253086, 0, 0, 0, 2, 3, 14
598870, 243170, 236, 16, 18, 162, 1, 3
596090, 250810, 403, 35, 46, 0, 0, 0
602671, 239657, 26, 6, 7, 0, 0, 0
602205, 240318, 8, 7, 10, 0, 0, 0
602010, 248640, 19, 8, 12, 132, 6, 7
602480, 247790, 0, 0, 0, 60, 12, 13
601750, 248310, 0, 0, 0, 17, 12, 12
603244, 244508, 27, 11, 20, 0, 0, 0
599372, 246118, 1, 6, 13, 8, 1, 4
593187, 254580, 0, 0, 0, 0, 0, 2
603330, 246969, 0, 0, 0, 0, 1, 7
593760, 247410, 41, 10, 17, 59, 3, 4
589648, 255639, 3, 8, 20, 0, 0, 0
592730, 255980, 4, 8, 19, 0, 0, 0
589710, 256010, 0, 0, 0, 0, 0, 3
594847, 257311, 0, 0, 0, 0, 0, 2
591237, 255008, 0, 0, 0, 0, 0, 4
590640, 250690, 3, 6, 19, 3, 2, 1
591500, 246890, 0, 0, 0, 26, 15, 17
594070, 237100, 26, 16, 10, 0, 0, 0
595370, 240240, 100, 10, 13, 0, 0, 0
593438, 237581, 0, 0, 0, 0, 0, 2
590860, 232500, 25, 10, 9, 1, 0, 0
593157, 236403, 0, 0, 0, 2, 4, 5
592400, 236190, 0, 0, 0, 18, 10, 12
594780, 234740, 0, 0, 0, 103, 10, 13
596260, 233380, 109, 20, 8, 0, 0, 0
596850, 235090, 3, 4, 8, 0, 0, 0
595140, 234880, 153, 15, 11, 0, 0, 0
594380, 234940, 170, 20, 10, 14, 1, 0
594300, 234010, 210, 12, 14, 0, 0, 0
599900, 237030, 0, 0, 0, 0, 0, 4
598310, 237800, 1, 6, 6, 0, 0, 0
599310, 236840, 96, 15, 5, 1, 0, 0
600600, 235940, 22, 8, 15, 4, 0, 0
596520, 235890, 0, 0, 0, 85, 17, 6
597660, 235180, 0, 0, 0, 336, 18, 9
589540, 245370, 129, 27, 23, 0, 0, 0
592090, 241260, 0, 0, 0, 0, 0, 2
591010, 239950, 0, 0, 0, 7, 9, 10
581270, 262058, 2643, 22, 43, 0, 0, 0
582010, 246780, 0, 0, 0, 0, 0, 3
579450, 245890, 0, 1, 10, 0, 0, 0
590010, 236160, 9, 10, 8, 0, 0, 0
595120, 240590, 3, 8, 12, 3, 1, 0
588980, 254240, 0, 0, 0, 2, 3, 18
586430, 253220, 23, 9, 24, 0, 0, 0
587261, 255445, 0, 0, 0, 15, 8, 25
592240, 248950, 8, 3, 21, 0, 0, 0
589414, 237519, 0, 0, 0, 0, 0, 1
586122, 244893, 0, 0, 0, 34, 17, 22
586330, 247944, 382, 26, 36, 15, 0, 0
585360, 252735, 0, 0, 0, 0, 0, 3
589010, 252830, 176, 22, 30, 4, 0, 0
584510, 249610, 0, 0, 0, 0, 0, 4
587100, 236530, 82, 12, 18, 0, 0, 0
584365, 251485, 8, 9, 17, 0, 0, 0
583875, 252920, 0, 0, 0, 0, 3, 15
576960, 248560, 0, 0, 0, 0, 1, 11
570010, 254350, 0, 0, 0, 2, 2, 15
577400, 260460, 332, 18, 36, 10, 0, 0
573728, 259525, 2, 5, 14, 0, 0, 0
569060, 249480, 0, 0, 0, 38, 5, 13
572600, 249220, 22, 7, 11, 0, 0, 0
573310, 248590, 0, 0, 0, 0, 0, 6
567976, 251143, 7, 6, 11, 0, 0, 0
576300, 249710, 0, 0, 0, 6, 4, 16
566710, 245588, 0, 0, 0, 4, 4, 6
568470, 253516, 38, 4, 13, 0, 0, 0
580400, 251650, 0, 0, 0, 5, 5, 18
580340, 254110, 0, 0, 0, 45, 11, 23
582940, 258860, 34, 13, 15, 348, 14, 10
575820, 256210, 0, 1, 11, 0, 0, 0
575370, 257900, 0, 0, 0, 3, 5, 14
575010, 257940, 0, 0, 0, 10, 6, 20
